{
  "/cave_1/lmd_root_0": [
    0.9991992951284931,
    0.0,
    0.04000960653046352,
    25.378128348443788,
    0.0,
    1.0,
    0.0,
    0.0,
    -0.04000960653046352,
    0.0,
    0.9991992951284931,
    1109.13,
    0.0,
    0.0,
    0.0,
    1.0
  ],
  "/cave_1/lmd_root_0/half_0": [
    0.9991992951284931,
    0.0,
    0.04000960653046352,
    25.378128348443788,
    0.0,
    1.0,
    0.0,
    0.0,
    -0.04000960653046352,
    0.0,
    0.9991992951284931,
    1109.13,
    0.0,
    0.0,
    0.0,
    1.0
  ],
  "/cave_1/lmd_root_0/half_0/plane_0": [
    0.9991992951284931,
    0.0,
    0.04000960653046352,
    24.912016432363885,
    0.0,
    1.0,
    0.0,
    0.0,
    -0.04000960653046352,
    0.0,
    0.9991992951284931,
    1097.489328211753,
    0.0,
    0.0,
    0.0,
    1.0
  ],
  "/cave_1/lmd_root_0/half_0/plane_0/module_0": [
    0.9991992951284931,
    0.0,
    0.04000960653046352,
    24.90201403073127,
    0.0,
    1.0,
    0.0,
    0.0,
    -0.04000960653046352,
    0.0,
    0.9991992951284931,
    1097.239528387971,
    0.0,
    0.0,
    0.0,
    1.0
  ],
  "/cave_1/lmd_root_0/half_0/plane_0/module_0/sensor_0": [
    0.9991986660596179,
    -0.0011212180687732753,
    0.04000960653046352,
    29.403443742411586,
    0.0011221165529636317,
    0.9999993704270226,
    0.0,
    1.0130426677223294,
    -0.04000958134149642,
    4.489544176539494e-05,
    0.9991992951284931,
    1097.0467736166977,
    0.0,
    0.0,
    0.0,
    1.0
  ],
  "/cave_1/lmd_root_0/half_0/plane_0/module_0/sensor_1": [
    0.999199116418924,
    0.0005976059898308735,
    0.04000960653046352,
    31.38402295232239,
    -0.0005980848793073094,
    0.9999998211472225,
    0.0,
    0.9901426559759033,
    -0.04000959937463427,
    -2.3929140692905213e-05,
    0.9991992951284931,
    1096.9674679213501,
    0.0,
    0.0,
    0.0,
    1.0
  ],
  "/cave_1/lmd_root_0/half_0/plane_0/module_0/sensor_2": [
    0.9991990711006707,
    0.000669101512803054,
    0.04000960653046352,
    33.39006006143819,
    -0.0006696376949675591,
    0.9999997757926536,
    0.0,
    1.0141880130022765,
    -0.04000959756001581,
    -2.6791940693618593e-05,
    0.9991992951284931,
    1096.8871428492523,
    0.0,
    0.0,
    0.0,
    1.0
  ],
  "/cave_1/lmd_root_0/half_0/plane_0/module_0/sensor_3": [
    0.9991992513013246,
    -0.00029594619434467767,
    0.04000960653046352,
    31.389843197320005,
    0.0002961833497957183,
    0.9999999561377106,
    0.0,
    2.992516942891473,
    -0.040009604775550586,
    1.1850179286201333e-05,
    0.9991992951284931,
    1096.9672348690317,
    0.0,
    0.0,
    0.0,
    1.0
  ],
  "/cave_1/lmd_root_0/half_0/plane_0/module_0/sensor_4": [
    0.9991946018621216,
    0.0030625144691853235,
    0.04000960653046352,
    33.40016197150874,
    -0.0030649686044779446,
    0.9999953029726958,
    0.0,
    3.010858657360077,
    -0.04000941860424922,
    -0.00012262818789338646,
    0.9991992951284931,
    1096.8867383519223,
    0.0,
    0.0,
    0.0,
    1.0
  ],
  "/cave_1/lmd_root_0/half_0/plane_0/module_0/sensor_5": [
    0.8073700044980393,
    0.5886874444237056,
    -0.040009606530463454,
    29.119976516710793,
    0.5891591870548735,
    -0.8080169876363,
    -9.907600726170916e-17,
    1.8354041504731171,
    -0.03232844174525877,
    -0.023572027257873125,
    -0.9991992951284931,
    1097.0831441509263,
    0.0,
    0.0,
    0.0,
    1.0
  ],
  "/cave_1/lmd_root_0/half_0/plane_0/module_0/sensor_6": [
    0.8077796477989317,
    0.5881252179486198,
    -0.040009606530463454,
    30.739150492246395,
    0.588596510041562,
    -0.8084269592034234,
    -9.907600726170916e-17,
    3.0202013685332916,
    -0.03234484454634806,
    -0.023549514771966797,
    -0.9991992951284931,
    1097.0183097240192,
    0.0,
    0.0,
    0.0,
    1.0
  ],
  "/cave_1/lmd_root_0/half_0/plane_0/module_0/sensor_7": [
    0.8096703593488063,
    0.5855195475620371,
    -0.040009606530463454,
    32.362800517054175,
    0.5859887516100994,
    -0.8103191858684066,
    -9.907600726170916e-17,
    4.181620918041967,
    -0.032420551790680485,
    -0.02344517938319748,
    -0.9991992951284931,
    1096.9532960686329,
    0.0,
    0.0,
    0.0,
    1.0
  ],
  "/cave_1/lmd_root_0/half_0/plane_0/module_0/sensor_8": [
    0.809420231567841,
    0.5858652747124891,
    -0.040009606530463454,
    31.925483558547896,
    0.5863347558077981,
    -0.8100688576484161,
    -9.907600726170916e-17,
    1.3749988344053847,
    -0.032410536257095196,
    -0.023459022875005293,
    -0.9991992951284931,
    1096.970806969135,
    0.0,
    0.0,
    0.0,
    1.0
  ],
  "/cave_1/lmd_root_0/half_0/plane_0/module_0/sensor_9": [
    0.8105694014025546,
    0.584274316477442,
    -0.040009606530463454,
    33.53568242696815,
    0.5847425226639162,
    -0.8112189483663702,
    -9.907600726170916e-17,
    2.5653836235236342,
    -0.032456550934194875,
    -0.023395318253413816,
    -0.9991992951284931,
    1096.9063319204884,
    0.0,
    0.0,
    0.0,
    1.0
  ],
  "/cave_1/lmd_root_0/half_0/plane_0/module_1": [
    0.8083692105264196,
    -0.5873146097775627,
    0.04000960653046352,
    24.9220188339965,
    0.5877852522924731,
    0.8090169943749475,
    0.0,
    0.0,
    -0.03236845162139987,
    0.023517056668631083,
    0.9991992951284931,
    1097.739128035535,
    0.0,
    0.0,
    0.0,
    1.0
  ],
  "/cave_1/lmd_root_0/half_0/plane_0/module_1/sensor_0": [
    0.8069845951003707,
    -0.5892156605657799,
    0.04000960653046352,
    27.971739820561275,
    0.5896878264811117,
    0.8076312693921543,
    0.0,
    3.4562340484292458,
    -0.03231300931007888,
    0.023593177913313525,
    0.9991992951284931,
    1097.604502103195,
    0.0,
    0.0,
    0.0,
    1.0
  ],
  "/cave_1/lmd_root_0/half_0/plane_0/module_1/sensor_1": [
    0.8083680476964401,
    -0.5873162102723913,
    0.04000960653046352,
    29.592218484379664,
    0.5877868540698526,
    0.8090158306131382,
    0.0,
    4.623510302456796,
    -0.032368405059747786,
    0.02351712075511379,
    0.9991992951284931,
    1097.5396154343928,
    0.0,
    0.0,
    0.0,
    1.0
  ],
  "/cave_1/lmd_root_0/half_0/plane_0/module_1/sensor_2": [
    0.8079852231014643,
    -0.5878427601280419,
    0.04000960653046352,
    31.18826857255547,
    0.5883138258743944,
    0.8086326992430078,
    0.0,
    5.807421449134735,
    -0.03235307612437939,
    0.02353820468966615,
    0.9991992951284931,
    1097.4757069265083,
    0.0,
    0.0,
    0.0,
    1.0
  ],
  "/cave_1/lmd_root_0/half_0/plane_0/module_1/sensor_3": [
    0.810682459866963,
    -0.5841174373782447,
    0.04000960653046352,
    28.41386563443794,
    0.5845855178501997,
    0.8113320974297848,
    0.0,
    6.234807956150245,
    -0.03246107798370139,
    0.023389036552593747,
    0.9991992951284931,
    1097.586798648102,
    0.0,
    0.0,
    0.0,
    1.0
  ],
  "/cave_1/lmd_root_0/half_0/plane_0/module_1/sensor_4": [
    0.8085318327497207,
    -0.5870907142986126,
    0.04000960653046352,
    30.03180871603115,
    0.5875611773956616,
    0.8091797469150003,
    0.0,
    7.414952641795661,
    -0.03237496328648922,
    0.023508091520176296,
    0.9991992951284931,
    1097.5220135082418,
    0.0,
    0.0,
    0.0,
    1.0
  ],
  "/cave_1/lmd_root_0/half_0/plane_0/module_1/sensor_5": [
    0.31169988268744087,
    0.94933788216731,
    -0.040009606530463405,
    27.255524659465834,
    0.950098630769379,
    -0.3119496623017108,
    -3.7843667304341506e-17,
    3.977359659658152,
    -0.01248098324600242,
    -0.03801307238221487,
    -0.9991992951284931,
    1097.658200586619,
    0.0,
    0.0,
    0.0,
    1.0
  ],
  "/cave_1/lmd_root_0/half_0/plane_0/module_1/sensor_6": [
    0.30796742382195175,
    0.9505552573363361,
    -0.040009606530463405,
    27.869178785756144,
    0.9513169814777525,
    -0.30821421244332275,
    -3.7843667304341506e-17,
    5.87187288608515,
    -0.012331529366954039,
    -0.038061818114673004,
    -0.9991992951284931,
    1097.6336288517723,
    0.0,
    0.0,
    0.0,
    1.0
  ],
  "/cave_1/lmd_root_0/half_0/plane_0/module_1/sensor_7": [
    0.3063239465280483,
    0.9510861533892496,
    -0.040009606530463405,
    28.498413992865466,
    0.951848302962367,
    -0.3065694181546197,
    -3.7843667304341506e-17,
    7.784469995586672,
    -0.012265721794639473,
    -0.038083076078213624,
    -0.9991992951284931,
    1097.6084332244593,
    0.0,
    0.0,
    0.0,
    1.0
  ],
  "/cave_1/lmd_root_0/half_0/plane_0/module_1/sensor_8": [
    0.3076051881701387,
    0.9506725406763843,
    -0.040009606530463405,
    29.785821581934258,
    0.9514343588023964,
    -0.30785168651523304,
    -3.7843667304341506e-17,
    5.2513525297789885,
    -0.012317024847214074,
    -0.0380665143352476,
    -0.9991992951284931,
    1097.5568832770823,
    0.0,
    0.0,
    0.0,
    1.0
  ],
  "/cave_1/lmd_root_0/half_0/plane_0/module_1/sensor_9": [
    0.30961215497732775,
    0.9500208128644199,
    -0.040009606530463405,
    30.397594981941182,
    0.9507821087306219,
    -0.30986026159827584,
    -3.7843667304341506e-17,
    7.164837957524599,
    -0.012397387145973514,
    -0.038040418066516445,
    -0.9991992951284931,
    1097.5323868496534,
    0.0,
    0.0,
    0.0,
    1.0
  ],
  "/cave_1/lmd_root_0/half_0/plane_0/module_2": [
    0.308769562962173,
    -0.9502950007094777,
    0.04000960653046352,
    24.90201403073127,
    0.9510565162951535,
    0.30901699437494745,
    0.0,
    0.0,
    -0.012363648356168107,
    0.038051397005202464,
    0.9991992951284931,
    1097.239528387971,
    0.0,
    0.0,
    0.0,
    1.0
  ],
  "/cave_1/lmd_root_0/half_0/plane_0/module_2/sensor_0": [
    0.309896557732379,
    -0.949928078799074,
    0.04000960653046352,
    25.346204832938675,
    0.9506893003531562,
    0.3101448922584834,
    0.0,
    4.598998717439671,
    -0.012408775106694922,
    0.038036704839851436,
    0.9991992951284931,
    1097.2092322304693,
    0.0,
    0.0,
    0.0,
    1.0
  ],
  "/cave_1/lmd_root_0/half_0/plane_0/module_2/sensor_1": [
    0.305624125623922,
    -0.9513112662120063,
    0.04000960653046352,
    25.95378135992716,
    0.9520735961784995,
    0.3058690364514518,
    0.0,
    6.475539120404558,
    -0.012237699798274592,
    0.03809208997114518,
    0.9991992951284931,
    1097.184903852837,
    0.0,
    0.0,
    0.0,
    1.0
  ],
  "/cave_1/lmd_root_0/half_0/plane_0/module_2/sensor_2": [
    0.3075842294941854,
    -0.9506793219333982,
    0.04000960653046352,
    26.566473227874948,
    0.951441145493547,
    0.3078307110441179,
    0.0,
    8.377742011453675,
    -0.012316185626867968,
    0.038066785868090314,
    0.9991992951284931,
    1097.1603706484195,
    0.0,
    0.0,
    0.0,
    1.0
  ],
  "/cave_1/lmd_root_0/half_0/plane_0/module_2/sensor_3": [
    0.3060497682940884,
    -0.9511744165569279,
    0.04000960653046352,
    24.05743299821228,
    0.9519366368594271,
    0.306295020208888,
    0.0,
    7.114180605988514,
    -0.01225474324079798,
    0.03808661028267842,
    0.9991992951284931,
    1097.260836804518,
    0.0,
    0.0,
    0.0,
    1.0
  ],
  "/cave_1/lmd_root_0/half_0/plane_0/module_2/sensor_4": [
    0.30766770501361207,
    -0.9506523100886752,
    0.04000960653046352,
    24.676759544713395,
    0.9514141120029762,
    0.307914253456361,
    0.0,
    8.996262566363946,
    -0.01231952812591042,
    0.038065704268769436,
    0.9991992951284931,
    1097.2360379365043,
    0.0,
    0.0,
    0.0,
    1.0
  ],
  "/cave_1/lmd_root_0/half_0/plane_0/module_2/sensor_5": [
    -0.3070859206396269,
    0.9508404012925566,
    -0.040009606530463405,
    24.466381568141298,
    0.9516023539330883,
    0.30733200287149604,
    3.7843667304341493e-17,
    4.59341737662108,
    0.012296232509107842,
    -0.03807323575432563,
    -0.9991992951284931,
    1097.2694818552782,
    0.0,
    0.0,
    0.0,
    1.0
  ],
  "/cave_1/lmd_root_0/half_0/plane_0/module_2/sensor_6": [
    -0.3063623510653366,
    0.9510737832760385,
    -0.040009606530463405,
    23.851896628968102,
    0.9518359229364088,
    0.30660785346725,
    3.7843667304341493e-17,
    6.484598964018197,
    0.012267259576374694,
    -0.03808258075824619,
    -0.9991992951284931,
    1097.2940868572584,
    0.0,
    0.0,
    0.0,
    1.0
  ],
  "/cave_1/lmd_root_0/half_0/plane_0/module_2/sensor_7": [
    -0.3087972727485159,
    0.9502859968074644,
    -0.040009606530463405,
    23.231708278953004,
    0.9510475051778947,
    0.309044726366431,
    3.7843667304341493e-17,
    8.394487483440779,
    0.01236475790223567,
    -0.03805103647394641,
    -0.9991992951284931,
    1097.3189202333224,
    0.0,
    0.0,
    0.0,
    1.0
  ],
  "/cave_1/lmd_root_0/half_0/plane_0/module_2/sensor_8": [
    -0.3092872597152838,
    0.9501266349087831,
    -0.040009606530463405,
    25.75225122118731,
    0.9508880155751116,
    0.3095351059825463,
    3.7843667304341493e-17,
    7.114344915031938,
    0.012384377797727004,
    -0.038044655357693365,
    -0.9991992951284931,
    1097.217993489425,
    0.0,
    0.0,
    0.0,
    1.0
  ],
  "/cave_1/lmd_root_0/half_0/plane_0/module_2/sensor_9": [
    -0.30554279536520457,
    0.9513373910373197,
    -0.040009606530463405,
    25.12482724508884,
    0.9520997419388506,
    0.30578764101901507,
    3.7843667304341493e-17,
    9.003443988724362,
    0.012234443199049419,
    -0.038093136052729154,
    -0.9991992951284931,
    1097.2431165920273,
    0.0,
    0.0,
    0.0,
    1.0
  ],
  "/cave_1/lmd_root_0/half_0/plane_0/module_3": [
    -0.3087695629621729,
    -0.9502950007094778,
    0.04000960653046352,
    24.9220188339965,
    0.9510565162951536,
    -0.30901699437494734,
    0.0,
    0.0,
    0.012363648356168103,
    0.038051397005202464,
    0.9991992951284931,
    1097.739128035535,
    0.0,
    0.0,
    0.0,
    1.0
  ],
  "/cave_1/lmd_root_0/half_0/plane_0/module_3/sensor_0": [
    -0.30617442446193294,
    -0.9511342981885796,
    0.04000960653046352,
    22.57420762161641,
    0.9518964863423642,
    -0.306419776269518,
    0.0,
    3.9755323399853277,
    0.01225973468169608,
    0.03808500387628873,
    0.9991992951284931,
    1097.8206282960057,
    0.0,
    0.0,
    0.0,
    1.0
  ],
  "/cave_1/lmd_root_0/half_0/plane_0/module_3/sensor_1": [
    -0.3093734384154348,
    -0.9500985775109281,
    0.04000960653046352,
    21.975269358765168,
    0.9508599356935585,
    -0.3096213537416983,
    0.0,
    5.866634900901312,
    0.012387828536634811,
    0.03804353189268112,
    0.9991992951284931,
    1097.8446107831328,
    0.0,
    0.0,
    0.0,
    1.0
  ],
  "/cave_1/lmd_root_0/half_0/plane_0/module_3/sensor_2": [
    -0.3080380526352482,
    -0.9505323716286372,
    0.04000960653046352,
    21.354189343090663,
    0.9512940774306716,
    -0.30828489785477253,
    0.0,
    7.771997623027233,
    0.012334357462453586,
    0.03806090173276147,
    0.9991992951284931,
    1097.8694798629772,
    0.0,
    0.0,
    0.0,
    1.0
  ],
  "/cave_1/lmd_root_0/half_0/plane_0/module_3/sensor_3": [
    -0.30853173245548193,
    -0.9503722436252526,
    0.04000960653046352,
    20.06548174058073,
    0.9511338211092697,
    -0.3087789732836091,
    0.0,
    5.269812684305766,
    0.012354125225957708,
    0.03805448994039816,
    0.9991992951284931,
    1097.9210818650608,
    0.0,
    0.0,
    0.0,
    1.0
  ],
  "/cave_1/lmd_root_0/half_0/plane_0/module_3/sensor_4": [
    -0.3089921490018115,
    -0.9502226492988471,
    0.04000960653046352,
    19.442707494809074,
    0.9509841069059723,
    -0.30923975878313276,
    0.0,
    7.161101614937196,
    0.012372561072488594,
    0.038048499934032205,
    0.9991992951284931,
    1097.9460187847046,
    0.0,
    0.0,
    0.0,
    1.0
  ],
  "/cave_1/lmd_root_0/half_0/plane_0/module_3/sensor_5": [
    -0.8086006194502959,
    0.5869959706930494,
    -0.040009606530463454,
    21.885282165102673,
    0.5874663578676405,
    0.8092485887375581,
    9.907600726170916e-17,
    3.432949408270826,
    0.0323777176207226,
    -0.023504297828168645,
    -0.9991992951284931,
    1097.8732340541364,
    0.0,
    0.0,
    0.0,
    1.0
  ],
  "/cave_1/lmd_root_0/half_0/plane_0/module_3/sensor_6": [
    -0.8078973808677969,
    0.5879634796245697,
    -0.040009606530463454,
    20.254709536747114,
    0.5884346421090698,
    0.8085447866172728,
    9.907600726170916e-17,
    4.628661832840179,
    0.03234955877481467,
    -0.02354303849967788,
    -0.9991992951284931,
    1097.9385249021163,
    0.0,
    0.0,
    0.0,
    1.0
  ],
  "/cave_1/lmd_root_0/half_0/plane_0/module_3/sensor_7": [
    -0.808296041846116,
    0.5874153046364892,
    -0.040009606530463454,
    18.638902060498374,
    0.5878860278428737,
    0.808943767061177,
    9.907600726170916e-17,
    5.805764599423131,
    0.03236552182538863,
    -0.023521088658750373,
    -0.9991992951284931,
    1098.0032245287764,
    0.0,
    0.0,
    0.0,
    1.0
  ],
  "/cave_1/lmd_root_0/half_0/plane_0/module_3/sensor_8": [
    -0.8083848040958963,
    0.5872931464712636,
    -0.040009606530463454,
    21.42542651442365,
    0.5877637717866283,
    0.8090326004402767,
    9.907600726170916e-17,
    6.23110481512985,
    0.03236907601393318,
    -0.023516197242044037,
    -0.9991992951284931,
    1097.89164744147,
    0.0,
    0.0,
    0.0,
    1.0
  ],
  "/cave_1/lmd_root_0/half_0/plane_0/module_3/sensor_9": [
    -0.8086506543654594,
    0.5869270402525274,
    -0.040009606530463454,
    19.81986088628244,
    0.5873973721899501,
    0.8092986637480264,
    9.907600726170916e-17,
    7.41847120833815,
    0.03237972110218844,
    -0.02350153773834802,
    -0.9991992951284931,
    1097.9559369674473,
    0.0,
    0.0,
    0.0,
    1.0
  ],
  "/cave_1/lmd_root_0/half_0/plane_0/module_4": [
    -0.8083692105264195,
    -0.5873146097775628,
    0.04000960653046352,
    24.90201403073127,
    0.5877852522924732,
    -0.8090169943749473,
    0.0,
    0.0,
    0.03236845162139986,
    0.023517056668631086,
    0.9991992951284931,
    1097.239528387971,
    0.0,
    0.0,
    0.0,
    1.0
  ],
  "/cave_1/lmd_root_0/half_0/plane_0/module_4/sensor_0": [
    -0.8054073247756229,
    -0.5913698272511475,
    0.04000960653046352,
    20.672957376219163,
    0.591843719400442,
    -0.8060527351273308,
    0.0,
    1.8543444266769187,
    0.03224985277524844,
    0.02367943434073775,
    0.9991992951284931,
    1097.3963568540298,
    0.0,
    0.0,
    0.0,
    1.0
  ],
  "/cave_1/lmd_root_0/half_0/plane_0/module_4/sensor_1": [
    -0.8064169889313525,
    -0.5899922638036608,
    0.04000960653046352,
    19.060242103184077,
    0.5904650520472895,
    -0.8070632083739114,
    0.0,
    3.001878902113575,
    0.03229028141225369,
    0.023624274402401717,
    0.9991992951284931,
    1097.460932663715,
    0.0,
    0.0,
    0.0,
    1.0
  ],
  "/cave_1/lmd_root_0/half_0/plane_0/module_4/sensor_2": [
    -0.8107149422140715,
    -0.5840723532715039,
    0.04000960653046352,
    17.445808849733524,
    0.5845403976154671,
    -0.8113646058065089,
    0.0,
    4.207463855314604,
    0.03246237863106306,
    0.02338723130975553,
    0.9991992951284931,
    1097.5255772642017,
    0.0,
    0.0,
    0.0,
    1.0
  ],
  "/cave_1/lmd_root_0/half_0/plane_0/module_4/sensor_3": [
    -0.8101822830715306,
    -0.5848109947515349,
    0.04000960653046352,
    17.88378971843164,
    0.585279631003273,
    -0.8108315198194214,
    0.0,
    1.3879834197230765,
    0.03244105007047278,
    0.023416807746735827,
    0.9991992951284931,
    1097.508039779628,
    0.0,
    0.0,
    0.0,
    1.0
  ],
  "/cave_1/lmd_root_0/half_0/plane_0/module_4/sensor_4": [
    -0.8083503918706817,
    -0.5873405105624785,
    0.04000960653046352,
    16.260461157554303,
    0.5878111738328927,
    -0.8089981606389454,
    0.0,
    2.5701250431665352,
    0.032367698091032925,
    0.023518093779263935,
    0.9991992951284931,
    1097.5730405630622,
    0.0,
    0.0,
    0.0,
    1.0
  ],
  "/cave_1/lmd_root_0/half_0/plane_0/module_4/sensor_5": [
    -0.9991904038255048,
    -0.004215244749942055,
    -0.04000960653046352,
    20.396883463312445,
    -0.004218622621626256,
    0.9999911015719971,
    1.2246467991473532e-16,
    1.0127566887903967,
    0.04000925050786039,
    0.00016878543119190024,
    -0.9991992951284931,
    1097.4324313476814,
    0.0,
    0.0,
    0.0,
    1.0
  ],
  "/cave_1/lmd_root_0/half_0/plane_0/module_4/sensor_6": [
    -0.9991991887827574,
    -0.0004610001705969653,
    -0.04000960653046352,
    18.403095786174507,
    -0.00046136959147646817,
    0.9999998935690444,
    1.2246467991473532e-16,
    1.0049443935002786,
    0.04000960227220286,
    1.845921582021525e-05,
    -0.9991992951284931,
    1097.5122659320896,
    0.0,
    0.0,
    0.0,
    1.0
  ],
  "/cave_1/lmd_root_0/half_0/plane_0/module_4/sensor_7": [
    -0.9991979905326458,
    -0.0016146519131383602,
    -0.04000960653046352,
    16.42499544685741,
    -0.0016159458088195744,
    0.9999986943587192,
    1.2246467991473532e-16,
    1.0031830885510566,
    0.04000955429226961,
    6.465335598554538e-05,
    -0.9991992951284931,
    1097.5914723693236,
    0.0,
    0.0,
    0.0,
    1.0
  ],
  "/cave_1/lmd_root_0/half_0/plane_0/module_4/sensor_8": [
    -0.9991992946200556,
    -3.187571356505002e-05,
    -0.04000960653046352,
    18.40187872531343,
    -3.1901257057043164e-05,
    0.9999999994911549,
    1.2246467991473532e-16,
    3.0018989121666486,
    0.04000960651010483,
    1.276356742800875e-06,
    -0.9991992951284931,
    1097.5123146652365,
    0.0,
    0.0,
    0.0,
    1.0
  ],
  "/cave_1/lmd_root_0/half_0/plane_0/module_4/sensor_9": [
    -0.9991977036834361,
    -0.0017833505056145066,
    -0.04000960653046352,
    16.402717347528625,
    -0.0017847795873246475,
    0.999998407279644,
    1.2246467991473532e-16,
    3.0102284917421653,
    0.04000954280634876,
    7.140832903258534e-05,
    -0.9991992951284931,
    1097.5923644215825,
    0.0,
    0.0,
    0.0,
    1.0
  ],
  "/cave_1/lmd_root_0/half_0/plane_1": [
    0.9991992951284931,
    0.0,
    0.04000960653046352,
    25.712208562973153,
    0.0,
    1.0,
    0.0,
    0.0,
    -0.04000960653046352,
    0.0,
    0.9991992951284931,
    1117.4733141143229,
    0.0,
    0.0,
    0.0,
    1.0
  ],
  "/cave_1/lmd_root_0/half_0/plane_1/module_0": [
    0.9991992951284931,
    0.0,
    0.04000960653046352,
    25.702206161340538,
    0.0,
    1.0,
    0.0,
    0.0,
    -0.04000960653046352,
    0.0,
    0.9991992951284931,
    1117.2235142905408,
    0.0,
    0.0,
    0.0,
    1.0
  ],
  "/cave_1/lmd_root_0/half_0/plane_1/module_0/sensor_0": [
    0.9991965109610702,
    -0.002358785386914209,
    0.04000960653046352,
    30.195544617522504,
    0.0023606755913602585,
    0.9999972136014942,
    0.0,
    1.0088865271097471,
    -0.04000949504775567,
    9.444970155639324e-05,
    0.9991992951284931,
    1117.0310835066348,
    0.0,
    0.0,
    0.0,
    1.0
  ],
  "/cave_1/lmd_root_0/half_0/plane_1/module_0/sensor_1": [
    0.9991912000449074,
    0.00402208131386868,
    0.04000960653046352,
    32.20318619439308,
    -0.00402530439470682,
    0.9999918984294472,
    0.0,
    1.002265016930477,
    -0.04000928238981343,
    -0.0001610508449975655,
    0.9991992951284931,
    1116.9506941889717,
    0.0,
    0.0,
    0.0,
    1.0
  ],
  "/cave_1/lmd_root_0/half_0/plane_1/module_0/sensor_2": [
    0.9991991258305146,
    -0.0005816569548207824,
    0.04000960653046352,
    34.208100081853516,
    0.0005821230635936183,
    0.9999998305663551,
    0.0,
    0.9892661369917914,
    -0.04000959975149006,
    2.3290514726688663e-05,
    0.9991992951284931,
    1116.8704140925427,
    0.0,
    0.0,
    0.0,
    1.0
  ],
  "/cave_1/lmd_root_0/half_0/plane_1/module_0/sensor_3": [
    0.999197117070299,
    -0.00208629424591815,
    0.04000960653046352,
    32.18518905459969,
    0.002087966090538385,
    0.9999978201964266,
    0.0,
    3.0064591982184576,
    -0.04000951931738024,
    8.353870173139096e-05,
    0.9991992951284931,
    1116.9514148244698,
    0.0,
    0.0,
    0.0,
    1.0
  ],
  "/cave_1/lmd_root_0/half_0/plane_1/module_0/sensor_4": [
    0.9991984323043522,
    0.001313113019710396,
    0.04000960653046352,
    34.19433177349319,
    -0.0013141652782506564,
    0.999999136484438,
    0.0,
    3.0116158932819963,
    -0.04000957198154565,
    -5.257923569880588e-05,
    0.9991992951284931,
    1116.8709653985761,
    0.0,
    0.0,
    0.0,
    1.0
  ],
  "/cave_1/lmd_root_0/half_0/plane_1/module_0/sensor_5": [
    0.8080216419410657,
    0.5877926994614188,
    -0.040009606530463454,
    29.915379703145472,
    0.5882637250918306,
    -0.8086691472667195,
    -9.907600726170916e-17,
    1.832077219380365,
    -0.032354534395466907,
    -0.02353620017706878,
    -0.9991992951284931,
    1117.0673218108093,
    0.0,
    0.0,
    0.0,
    1.0
  ],
  "/cave_1/lmd_root_0/half_0/plane_1/module_0/sensor_6": [
    0.8074914577687199,
    0.5885208382171573,
    -0.040009606530463454,
    31.537299181330972,
    0.5889924473390223,
    -0.8081385382331356,
    -9.907600726170916e-17,
    3.006439661084739,
    -0.03233330493681171,
    -0.02356535606744892,
    -0.9991992951284931,
    1117.0023774493964,
    0.0,
    0.0,
    0.0,
    1.0
  ],
  "/cave_1/lmd_root_0/half_0/plane_1/module_0/sensor_7": [
    0.8098205702099777,
    0.5853117762783048,
    -0.040009606530463454,
    33.15071918862707,
    0.5857808138295734,
    -0.8104695171005278,
    -9.907600726170916e-17,
    4.185468040521489,
    -0.032426566484126895,
    -0.023436859874415815,
    -0.9991992951284931,
    1116.9377734209759,
    0.0,
    0.0,
    0.0,
    1.0
  ],
  "/cave_1/lmd_root_0/half_0/plane_1/module_0/sensor_8": [
    0.8081795442103995,
    0.5875755744626802,
    -0.040009606530463454,
    32.705488061653504,
    0.5880464261007312,
    -0.8088271760704863,
    -9.907600726170916e-17,
    1.3936950823780898,
    -0.0323608570657261,
    -0.02352750612993543,
    -0.9991992951284931,
    1116.955601217985,
    0.0,
    0.0,
    0.0,
    1.0
  ],
  "/cave_1/lmd_root_0/half_0/plane_1/module_0/sensor_9": [
    0.80759550189087,
    0.5883780559393014,
    -0.040009606530463454,
    34.342119485945474,
    0.5888495506430859,
    -0.8082426657306803,
    -9.907600726170916e-17,
    2.5779803474817995,
    -0.03233747103701747,
    -0.023559638826869997,
    -0.9991992951284931,
    1116.8900677657093,
    0.0,
    0.0,
    0.0,
    1.0
  ],
  "/cave_1/lmd_root_0/half_0/plane_1/module_1": [
    0.8083692105264196,
    -0.5873146097775627,
    0.04000960653046352,
    25.722210964605768,
    0.5877852522924731,
    0.8090169943749475,
    0.0,
    0.0,
    -0.03236845162139987,
    0.023517056668631083,
    0.9991992951284931,
    1117.723113938105,
    0.0,
    0.0,
    0.0,
    1.0
  ],
  "/cave_1/lmd_root_0/half_0/plane_1/module_1/sensor_0": [
    0.8063107695025288,
    -0.5901374199027862,
    0.04000960653046352,
    28.768275903305145,
    0.590610324466749,
    0.8069569038265187,
    0.0,
    3.4561551141486917,
    -0.03228602820914011,
    0.02363008669474402,
    0.9991992951284931,
    1117.58863440002,
    0.0,
    0.0,
    0.0,
    1.0
  ],
  "/cave_1/lmd_root_0/half_0/plane_1/module_1/sensor_1": [
    0.8067789159253178,
    -0.5894972537710813,
    0.04000960653046352,
    30.384752360668358,
    0.5899696453401464,
    0.8074254253968115,
    0.0,
    4.628646528523133,
    -0.03230477357281856,
    0.02360445337497637,
    0.9991992951284931,
    1117.5239079862404,
    0.0,
    0.0,
    0.0,
    1.0
  ],
  "/cave_1/lmd_root_0/half_0/plane_1/module_1/sensor_2": [
    0.8104510697970398,
    -0.5844384440213626,
    0.04000960653046352,
    32.01290412564316,
    0.5849067817308718,
    0.8111005219362359,
    0.0,
    5.805083250787561,
    -0.0324518127393224,
    0.02340189019405189,
    0.9991992951284931,
    1117.4587140736685,
    0.0,
    0.0,
    0.0,
    1.0
  ],
  "/cave_1/lmd_root_0/half_0/plane_1/module_1/sensor_3": [
    0.8115390680939859,
    -0.582926729823245,
    0.04000960653046352,
    29.211924001261423,
    0.5833938561258522,
    0.8121893920968241,
    0.0,
    6.2422005273474666,
    -0.03249537800601029,
    0.023341358635885195,
    0.9991992951284931,
    1117.5708699901334,
    0.0,
    0.0,
    0.0,
    1.0
  ],
  "/cave_1/lmd_root_0/half_0/plane_1/module_1/sensor_4": [
    0.808967828726626,
    -0.586489798266437,
    0.04000960653046352,
    30.838918617350934,
    0.5869597798215187,
    0.8096160922757615,
    0.0,
    7.432920284895793,
    -0.032392421292684666,
    0.023484029839866465,
    0.9991992951284931,
    1117.505722411733,
    0.0,
    0.0,
    0.0,
    1.0
  ],
  "/cave_1/lmd_root_0/half_0/plane_1/module_1/sensor_5": [
    0.3057769036526942,
    0.9512621702653001,
    -0.040009606530463405,
    28.069773847679993,
    0.9520244608889276,
    -0.3060219369083647,
    -3.7843667304341506e-17,
    3.964876335632317,
    -0.012243817285394002,
    -0.038090124087542525,
    -0.9991992951284931,
    1117.641623621154,
    0.0,
    0.0,
    0.0,
    1.0
  ],
  "/cave_1/lmd_root_0/half_0/plane_1/module_1/sensor_6": [
    0.311850188841451,
    0.9492885183677452,
    -0.040009606530463405,
    28.672073736666164,
    0.9500492274123056,
    -0.31210008890303326,
    -3.7843667304341506e-17,
    5.86371646462198,
    -0.012487001755133047,
    -0.038011095773337084,
    -0.9991992951284931,
    1117.617506528909,
    0.0,
    0.0,
    0.0,
    1.0
  ],
  "/cave_1/lmd_root_0/half_0/plane_1/module_1/sensor_7": [
    0.31001753082950756,
    0.9498886050288491,
    -0.040009606530463405,
    29.306243668153556,
    0.9506497949507633,
    -0.31026596229698145,
    -3.7843667304341506e-17,
    7.774636696931781,
    -0.012413619071297859,
    -0.03803512424424574,
    -0.9991992951284931,
    1117.592113307,
    0.0,
    0.0,
    0.0,
    1.0
  ],
  "/cave_1/lmd_root_0/half_0/plane_1/module_1/sensor_8": [
    0.3068788864122912,
    0.9509072407231054,
    -0.040009606530463405,
    30.585100863519607,
    0.9516692469251817,
    -0.30712480273800413,
    -3.7843667304341506e-17,
    5.2378390362057035,
    -0.012287942513293772,
    -0.038075912116618926,
    -0.9991992951284931,
    1117.54090573165,
    0.0,
    0.0,
    0.0,
    1.0
  ],
  "/cave_1/lmd_root_0/half_0/plane_1/module_1/sensor_9": [
    0.3096338250528078,
    0.9500137503049336,
    -0.040009606530463405,
    31.18047374506518,
    0.9507750405115784,
    -0.30988194903899535,
    -3.7843667304341506e-17,
    7.160972227355198,
    -0.01239825485194335,
    -0.03804013526985364,
    -0.9991992951284931,
    1117.5170660083377,
    0.0,
    0.0,
    0.0,
    1.0
  ],
  "/cave_1/lmd_root_0/half_0/plane_1/module_2": [
    0.308769562962173,
    -0.9502950007094777,
    0.04000960653046352,
    25.702206161340538,
    0.9510565162951535,
    0.30901699437494745,
    0.0,
    0.0,
    -0.012363648356168107,
    0.038051397005202464,
    0.9991992951284931,
    1117.2235142905408,
    0.0,
    0.0,
    0.0,
    1.0
  ],
  "/cave_1/lmd_root_0/half_0/plane_1/module_2/sensor_0": [
    0.3101076814054731,
    -0.9498591776250831,
    0.04000960653046352,
    26.136933058738087,
    0.9506203439654497,
    0.3103561851147968,
    0.0,
    4.581955794603197,
    -0.01241722885073872,
    0.03803394592191153,
    0.9991992951284931,
    1117.1935970835743,
    0.0,
    0.0,
    0.0,
    1.0
  ],
  "/cave_1/lmd_root_0/half_0/plane_1/module_2/sensor_1": [
    0.3082013269065626,
    -0.9504794440061877,
    0.04000960653046352,
    26.757985201702915,
    0.9512411073948562,
    0.308448302965355,
    0.0,
    6.487387836207227,
    -0.01234089523663306,
    0.03805878242247059,
    0.9991992951284931,
    1117.1687291197998,
    0.0,
    0.0,
    0.0,
    1.0
  ],
  "/cave_1/lmd_root_0/half_0/plane_1/module_2/sensor_2": [
    0.3103601146020487,
    -0.9497767267360685,
    0.04000960653046352,
    27.37569124279967,
    0.9505378270047027,
    0.31060882059783446,
    0.0,
    8.399913669048944,
    -0.01242733669701069,
    0.03803064445077996,
    0.9991992951284931,
    1117.1439951395255,
    0.0,
    0.0,
    0.0,
    1.0
  ],
  "/cave_1/lmd_root_0/half_0/plane_1/module_2/sensor_3": [
    0.3101366656792456,
    -0.949849714421517,
    0.04000960653046352,
    24.850460450598202,
    0.9506108731785784,
    0.31038519261501607,
    0.0,
    7.132546960561849,
    -0.012418389429408924,
    0.03803356699945529,
    0.9991992951284931,
    1117.2451095927554,
    0.0,
    0.0,
    0.0,
    1.0
  ],
  "/cave_1/lmd_root_0/half_0/plane_1/module_2/sensor_4": [
    0.3091724409905645,
    -0.9501640032737577,
    0.04000960653046352,
    25.48138722177707,
    0.9509254138850952,
    0.3094201952482424,
    0.0,
    9.017131114345593,
    -0.012379780264461378,
    0.03804615164936083,
    0.9991992951284931,
    1117.2198462323952,
    0.0,
    0.0,
    0.0,
    1.0
  ],
  "/cave_1/lmd_root_0/half_0/plane_1/module_2/sensor_5": [
    -0.31147441576118373,
    0.949411880961844,
    -0.040009606530463405,
    25.23182403967638,
    0.9501726888625891,
    0.31172401469831823,
    3.7843667304341493e-17,
    4.606994593546317,
    0.012471955174176142,
    -0.0380160354173846,
    -0.9991992951284931,
    1117.254859192163,
    0.0,
    0.0,
    0.0,
    1.0
  ],
  "/cave_1/lmd_root_0/half_0/plane_1/module_2/sensor_6": [
    -0.31069274105780054,
    0.9496679693657506,
    -0.040009606530463405,
    24.655245969790577,
    0.9504289824820452,
    0.31094171360263684,
    3.7843667304341493e-17,
    6.513897617132927,
    0.012440655615149579,
    -0.03802628962425531,
    -0.9991992951284931,
    1117.277946339865,
    0.0,
    0.0,
    0.0,
    1.0
  ],
  "/cave_1/lmd_root_0/half_0/plane_1/module_2/sensor_7": [
    -0.30835344793021624,
    0.9504301039712627,
    -0.040009606530463405,
    24.037102769581377,
    0.9511917278214663,
    0.3086005458906605,
    3.7843667304341493e-17,
    8.391885733462235,
    0.012346986416171579,
    -0.0380568067651685,
    -0.9991992951284931,
    1117.3026978247192,
    0.0,
    0.0,
    0.0,
    1.0
  ],
  "/cave_1/lmd_root_0/half_0/plane_1/module_2/sensor_8": [
    -0.3111023830863674,
    0.9495338533318656,
    -0.040009606530463405,
    26.547922004019263,
    0.950294758974744,
    0.31135168389641515,
    3.7843667304341493e-17,
    7.113408520037841,
    0.012457058365292829,
    -0.03802091939454105,
    -0.9991992951284931,
    1117.202160434302,
    0.0,
    0.0,
    0.0,
    1.0
  ],
  "/cave_1/lmd_root_0/half_0/plane_1/module_2/sensor_9": [
    -0.30786147503533273,
    0.9505895768281634,
    -0.040009606530463405,
    25.930877495993617,
    0.951351328471385,
    0.30810817875501295,
    3.7843667304341493e-17,
    9.01538323675954,
    0.012327287000805789,
    -0.038063192324373746,
    -0.9991992951284931,
    1117.2268679256886,
    0.0,
    0.0,
    0.0,
    1.0
  ],
  "/cave_1/lmd_root_0/half_0/plane_1/module_3": [
    -0.3087695629621729,
    -0.9502950007094778,
    0.04000960653046352,
    25.722210964605768,
    0.9510565162951536,
    -0.30901699437494734,
    0.0,
    0.0,
    0.012363648356168103,
    0.038051397005202464,
    0.9991992951284931,
    1117.723113938105,
    0.0,
    0.0,
    0.0,
    1.0
  ],
  "/cave_1/lmd_root_0/half_0/plane_1/module_3/sensor_0": [
    -0.3114342519284475,
    -0.949425056605863,
    0.04000960653046352,
    23.386835528438855,
    0.9501858750648643,
    -0.3116838186804348,
    0.0,
    3.990272397275753,
    0.012470346947316533,
    0.038016562992149394,
    0.9991992951284931,
    1117.804116249352,
    0.0,
    0.0,
    0.0,
    1.0
  ],
  "/cave_1/lmd_root_0/half_0/plane_1/module_3/sensor_1": [
    -0.3100365137989703,
    -0.949882409299519,
    0.04000960653046352,
    22.7680907909335,
    0.9506435942565068,
    -0.31028496047838067,
    0.0,
    5.878103621647879,
    0.012414379181060435,
    0.03803487615690845,
    0.9991992951284931,
    1117.8288918207631,
    0.0,
    0.0,
    0.0,
    1.0
  ],
  "/cave_1/lmd_root_0/half_0/plane_1/module_3/sensor_2": [
    -0.3097145500197267,
    -0.9499874361755295,
    0.04000960653046352,
    22.13595818043321,
    0.9507487052954384,
    -0.30996273869458507,
    0.0,
    7.79364420748966,
    0.012401487214275229,
    0.0380390816082181,
    0.9991992951284931,
    1117.8542034649413,
    0.0,
    0.0,
    0.0,
    1.0
  ],
  "/cave_1/lmd_root_0/half_0/plane_1/module_3/sensor_3": [
    -0.3138019947176749,
    -0.9486451072432124,
    0.04000960653046352,
    20.869958543568515,
    0.9494053006925114,
    -0.3140534588520914,
    0.0,
    5.259877032057225,
    0.012565155318203293,
    0.037985332518643784,
    0.9991992951284931,
    1117.9048962022016,
    0.0,
    0.0,
    0.0,
    1.0
  ],
  "/cave_1/lmd_root_0/half_0/plane_1/module_3/sensor_4": [
    -0.3127113526433343,
    -0.9490051850823861,
    0.04000960653046352,
    20.244144123123732,
    0.9497656670788059,
    -0.31296194279552686,
    0.0,
    7.155008633005822,
    0.012521484190258465,
    0.03799975063596624,
    0.9991992951284931,
    1117.9299548555105,
    0.0,
    0.0,
    0.0,
    1.0
  ],
  "/cave_1/lmd_root_0/half_0/plane_1/module_3/sensor_5": [
    -0.8089794026758925,
    0.5864738335436918,
    -0.040009606530463454,
    22.651709218158246,
    0.5869438023054985,
    0.809627675499772,
    9.907600726170916e-17,
    3.447362188751763,
    0.03239288473291967,
    -0.023483390585737035,
    -0.9991992951284931,
    1117.8585719667349,
    0.0,
    0.0,
    0.0,
    1.0
  ],
  "/cave_1/lmd_root_0/half_0/plane_1/module_3/sensor_6": [
    -0.8102505402333814,
    0.5847164213845812,
    -0.040009606530463454,
    21.05455343709184,
    0.5851849818502813,
    0.8108998316789109,
    9.907600726170916e-17,
    4.6393255733359275,
    0.03244378320109233,
    -0.02341302087136607,
    -0.9991992951284931,
    1117.9225247484069,
    0.0,
    0.0,
    0.0,
    1.0
  ],
  "/cave_1/lmd_root_0/half_0/plane_1/module_3/sensor_7": [
    -0.8070841859869773,
    0.5890792375521445,
    -0.040009606530463454,
    19.43662936362903,
    0.5895512941453699,
    0.8077309400855706,
    9.907600726170916e-17,
    5.794967654939136,
    0.03231699709530508,
    -0.023587715308281687,
    -0.9991992951284931,
    1117.98730912715,
    0.0,
    0.0,
    0.0,
    1.0
  ],
  "/cave_1/lmd_root_0/half_0/plane_1/module_3/sensor_8": [
    -0.8111898184565083,
    0.5834126411192809,
    -0.040009606530463454,
    22.23389674135642,
    0.583880156805211,
    0.811839862589367,
    9.907600726170916e-17,
    6.243478977958772,
    0.032481393467946144,
    -0.023360815334721712,
    -0.9991992951284931,
    1117.8753018752543,
    0.0,
    0.0,
    0.0,
    1.0
  ],
  "/cave_1/lmd_root_0/half_0/plane_1/module_3/sensor_9": [
    -0.8099739611662095,
    0.585099490358689,
    -0.040009606530463454,
    20.624696869849657,
    0.585568357795376,
    0.8106230309760676,
    9.907600726170916e-17,
    7.42042449904568,
    0.032432708513884204,
    -0.02342835959208255,
    -0.9991992951284931,
    1117.9397369223984,
    0.0,
    0.0,
    0.0,
    1.0
  ],
  "/cave_1/lmd_root_0/half_0/plane_1/module_4": [
    -0.8083692105264195,
    -0.5873146097775628,
    0.04000960653046352,
    25.702206161340538,
    0.5877852522924732,
    -0.8090169943749473,
    0.0,
    0.0,
    0.03236845162139986,
    0.023517056668631086,
    0.9991992951284931,
    1117.2235142905408,
    0.0,
    0.0,
    0.0,
    1.0
  ],
  "/cave_1/lmd_root_0/half_0/plane_1/module_4/sensor_0": [
    -0.8074795168500251,
    -0.5885372216376188,
    0.04000960653046352,
    21.455914225304642,
    0.5890088438882808,
    -0.8081265877456272,
    0.0,
    1.8438376512842949,
    0.032332826802508645,
    0.023566012086933326,
    0.9991992951284931,
    1117.3810328860218,
    0.0,
    0.0,
    0.0,
    1.0
  ],
  "/cave_1/lmd_root_0/half_0/plane_1/module_4/sensor_1": [
    -0.8095369403964375,
    -0.5857039982097205,
