{
  "/cave_1/lmd_root_0": [
    0.9991992951284931,
    0.0,
    0.04000960653046352,
    25.378128348443788,
    0.0,
    1.0,
    0.0,
    0.0,
    -0.04000960653046352,
    0.0,
    0.9991992951284931,
    1109.13,
    0.0,
    0.0,
    0.0,
    1.0
  ],
  "/cave_1/lmd_root_0/half_0": [
    0.9991992951284931,
    0.0,
    0.04000960653046352,
    25.378128348443788,
    0.0,
    1.0,
    0.0,
    0.0,
    -0.04000960653046352,
    0.0,
    0.9991992951284931,
    1109.13,
    0.0,
    0.0,
    0.0,
    1.0
  ],
  "/cave_1/lmd_root_0/half_0/plane_0": [
    0.9991992951284931,
    0.0,
    0.04000960653046352,
    24.912016432363885,
    0.0,
    1.0,
    0.0,
    0.0,
    -0.04000960653046352,
    0.0,
    0.9991992951284931,
    1097.489328211753,
    0.0,
    0.0,
    0.0,
    1.0
  ],
  "/cave_1/lmd_root_0/half_0/plane_0/module_0": [
    0.9991992951284931,
    0.0,
    0.04000960653046352,
    24.90201403073127,
    0.0,
    1.0,
    0.0,
    0.0,
    -0.04000960653046352,
    0.0,
    0.9991992951284931,
    1097.239528387971,
    0.0,
    0.0,
    0.0,
    1.0
  ],
  "/cave_1/lmd_root_0/half_0/plane_0/module_0/sensor_0": [
    0.9991967788537842,
    -0.002242434725769355,
    0.04000960653046352,
    29.408976746095316,
    0.002244231693018745,
    0.9999974817088831,
    0.0,
    1.026085335444659,
    -0.04000950577462681,
    8.979082700087599e-05,
    0.9991992951284931,
    1097.0465520660007,
    0.0,
    0.0,
    0.0,
    1.0
  ],
  "/cave_1/lmd_root_0/half_0/plane_0/module_0/sensor_1": [
    0.9991985802902805,
    0.0011952117658947646,
    0.04000960653046352,
    31.37173657565993,
    -0.001196169544676335,
    0.9999992845889543,
    0.0,
    0.9802853119518066,
    -0.040009577907149076,
    -4.7858272826223874e-05,
    0.9991992951284931,
    1096.9679598883665,
    0.0,
    0.0,
    0.0,
    1.0
  ],
  "/cave_1/lmd_root_0/half_0/plane_0/module_0/sensor_2": [
    0.9991983990173037,
    0.0013382027255711586,
    0.04000960653046352,
    33.38541220363455,
    -0.001339275089659737,
    0.9999991031707149,
    0.0,
    1.028376026004553,
    -0.040009570648676704,
    -5.358386937333733e-05,
    0.9991992951284931,
    1096.8873289572318,
    0.0,
    0.0,
    0.0,
    1.0
  ],
  "/cave_1/lmd_root_0/half_0/plane_0/module_0/sensor_3": [
    0.9991991198198227,
    -0.0005918923627276,
    0.04000960653046352,
    31.383377065655168,
    0.000592366673608877,
    0.9999998245508466,
    0.0,
    2.985033885782946,
    -0.04000959951081193,
    2.370035753285068e-05,
    0.9991992951284931,
    1096.9674937837297,
    0.0,
    0.0,
    0.0,
    1.0
  ],
  "/cave_1/lmd_root_0/half_0/plane_0/module_0/sensor_4": [
    0.9991805221070955,
    0.006125000168942484,
    0.04000960653046352,
    33.40561602377565,
    -0.006129908416473446,
    0.9999812119349071,
    0.0,
    3.0217173147201537,
    -0.04000885482737169,
    -0.0002452552238108793,
    0.9991992951284931,
    1096.8865199625716,
    0.0,
    0.0,
    0.0,
    1.0
  ],
  "/cave_1/lmd_root_0/half_0/plane_0/module_0/sensor_5": [
    0.8063684670190551,
    0.5900585791111055,
    -0.040009606530463454,
    29.112462825462234,
    0.5905314204962747,
    -0.8070146475787487,
    -9.907600726170916e-17,
    1.8347916600050527,
    -0.03228833851394643,
    -0.023626929777931533,
    -0.9991992951284931,
    1097.0834450116574,
    0.0,
    0.0,
    0.0,
    1.0
  ],
  "/cave_1/lmd_root_0/half_0/plane_0/module_0/sensor_6": [
    0.8071892722184235,
    0.5889352343006565,
    -0.040009606530463454,
    30.734072355480606,
    0.5894071754973784,
    -0.807836110527502,
    -9.907600726170916e-17,
    3.0288155915404555,
    -0.0323212049233054,
    -0.02358194917788185,
    -0.9991992951284931,
    1097.0185130610862,
    0.0,
    0.0,
    0.0,
    1.0
  ],
  "/cave_1/lmd_root_0/half_0/plane_0/module_0/sensor_7": [
    0.8109675220689687,
    0.5837216027650461,
    -0.040009606530463454,
    32.36463398404332,
    0.5841893660363139,
    -0.8116173880653923,
    -9.907600726170916e-17,
    4.176084185972859,
    -0.032472492349778864,
    -0.02337318667439373,
    -0.9991992951284931,
    1096.9532226535562,
    0.0,
    0.0,
    0.0,
    1.0
  ],
  "/cave_1/lmd_root_0/half_0/plane_0/module_0/sensor_8": [
    0.8104686540818432,
    0.5844140588110825,
    -0.040009606530463454,
    31.932109268528478,
    0.5848823769795886,
    -0.8111181203121446,
    -9.907600726170916e-17,
    1.3564445120345365,
    -0.03245251684341808,
    -0.023400913769555453,
    -0.9991992951284931,
    1096.9705416646552,
    0.0,
    0.0,
    0.0,
    1.0
  ],
  "/cave_1/lmd_root_0/half_0/plane_0/module_0/sensor_9": [
    0.8127581577342269,
    0.5812257809334881,
    -0.040009606530463454,
    33.535768584316145,
    0.5816915441866327,
    -0.8134094586502979,
    -9.907600726170916e-17,
    2.561643585686089,
    -0.032544192388755756,
    -0.02327324980500479,
    -0.9991992951284931,
    1096.9063284706044,
    0.0,
    0.0,
    0.0,
    1.0
  ],
  "/cave_1/lmd_root_0/half_0/plane_0/module_1": [
    0.8083692105264196,
    -0.5873146097775627,
    0.04000960653046352,
    24.9220188339965,
    0.5877852522924731,
    0.8090169943749475,
    0.0,
    0.0,
    -0.03236845162139987,
    0.023517056668631083,
    0.9991992951284931,
    1097.739128035535,
    0.0,
    0.0,
    0.0,
    1.0
  ],
  "/cave_1/lmd_root_0/half_0/plane_0/module_1/sensor_0": [
    0.8055955089616925,
    -0.5911134470861151,
    0.04000960653046352,
    27.971614089616356,
    0.5915871337860584,
    0.8062410701141417,
    0.0,
    3.458417467167416,
    -0.032257387983966664,
    0.02366916845126488,
    0.9991992951284931,
    1097.6045071376718,
    0.0,
    0.0,
    0.0,
    1.0
  ],
  "/cave_1/lmd_root_0/half_0/plane_0/module_1/sensor_1": [
    0.8083668848632917,
    -0.5873178107649175,
    0.04000960653046352,
    29.595832996200294,
    0.587788455844928,
    0.8090146668481575,
    0.0,
    4.6173994706375705,
    -0.03236835849796881,
    0.0235171848415043,
    0.9991992951284931,
    1097.5394707033101,
    0.0,
    0.0,
    0.0,
    1.0
  ],
  "/cave_1/lmd_root_0/half_0/plane_0/module_1/sensor_2": [
    0.8076008906080135,
    -0.5883706594268796,
    0.04000960653046352,
    31.171194751499065,
    0.5888421482034947,
    0.8082480587660533,
    0.0,
    5.8096512594085015,
    -0.032337686810240754,
    0.02355934265817471,
    0.9991992951284931,
    1097.4763905907841,
    0.0,
    0.0,
    0.0,
    1.0
  ],
  "/cave_1/lmd_root_0/half_0/plane_0/module_1/sensor_3": [
    0.8129830641803446,
    -0.5809111539135873,
    0.04000960653046352,
    28.413756515871967,
    0.5813766650414665,
    0.8136345453244122,
    0.0,
    6.221960789274572,
    -0.03255319801802231,
    0.023260651614302158,
    0.9991992951284931,
    1097.5868030173915,
    0.0,
    0.0,
    0.0,
    1.0
  ],
  "/cave_1/lmd_root_0/half_0/plane_0/module_1/sensor_4": [
    0.808694392960289,
    -0.586866773791009,
    0.04000960653046352,
    30.03290425800555,
    0.587337057434113,
    0.8093424373926265,
    0.0,
    7.406679655980458,
    -0.032381472468485294,
    0.02349912456869912,
    0.9991992951284931,
    1097.5219696409138,
    0.0,
    0.0,
    0.0,
    1.0
  ],
  "/cave_1/lmd_root_0/half_0/plane_0/module_1/sensor_5": [
    0.3146272356264664,
    0.9483717277456798,
    -0.040009606530463405,
    27.24877233081428,
    0.9491317021232715,
    -0.31487936106480796,
    -3.7843667304341506e-17,
    3.98398199036306,
    -0.012598199340766723,
    -0.03797438594754107,
    -0.9991992951284931,
    1097.6584709611216,
    0.0,
    0.0,
    0.0,
    1.0
  ],
  "/cave_1/lmd_root_0/half_0/plane_0/module_1/sensor_6": [
    0.3071650653162445,
    0.9508148368817899,
    -0.040009606530463405,
    27.858541457470558,
    0.9515767690363701,
    -0.30741121097042434,
    -3.7843667304341506e-17,
    5.8708954106267495,
    -0.012299401593979988,
    -0.03807221211267481,
    -0.9991992951284931,
    1097.634054788141,
    0.0,
    0.0,
    0.0,
    1.0
  ],
  "/cave_1/lmd_root_0/half_0/plane_0/module_1/sensor_7": [
    0.3038763029782121,
    0.9518710122036345,
    -0.040009606530463405,
    28.49947274576485,
    0.9526337907206264,
    -0.30411981319415843,
    -3.7843667304341506e-17,
    7.793976597039485,
    -0.012167714064016347,
    -0.03811450313435607,
    -0.9991992951284931,
    1097.608390830227,
    0.0,
    0.0,
    0.0,
    1.0
  ],
  "/cave_1/lmd_root_0/half_0/plane_0/module_1/sensor_8": [
    0.3064403517527317,
    0.951048653962004,
    -0.040009606530463405,
    29.791237048407826,
    0.9518107734850861,
    -0.3066859166602241,
    -3.7843667304341506e-17,
    5.2478886867643215,
    -0.012270382854010095,
    -0.038081574538594315,
    -0.9991992951284931,
    1097.5566664327712,
    0.0,
    0.0,
    0.0,
    1.0
  ],
  "/cave_1/lmd_root_0/half_0/plane_0/module_1/sensor_9": [
    0.31045450351375586,
    0.9497458779238293,
    -0.040009606530463405,
    30.39724472249733,
    0.9505069534718753,
    -0.31070328514776674,
    -3.7843667304341506e-17,
    7.172746509665233,
    -0.012431116186484561,
    -0.03802940921287921,
    -0.9991992951284931,
    1097.5324008746259,
    0.0,
    0.0,
    0.0,
    1.0
  ],
  "/cave_1/lmd_root_0/half_0/plane_0/module_2": [
    0.308769562962173,
    -0.9502950007094777,
    0.04000960653046352,
    24.90201403073127,
    0.9510565162951535,
    0.30901699437494745,
    0.0,
    0.0,
    -0.012363648356168107,
    0.038051397005202464,
    0.9991992951284931,
    1097.239528387971,
    0.0,
    0.0,
    0.0,
    1.0
  ],
  "/cave_1/lmd_root_0/half_0/plane_0/module_2/sensor_0": [
    0.31102311647776143,
    -0.9495598203387391,
    0.04000960653046352,
    25.351727722607407,
    0.9503207467901879,
    0.3112723537677888,
    0.0,
    4.609226117176204,
    -0.012453884398060472,
    0.038021959156811676,
    0.9991992951284931,
    1097.2090110847544,
    0.0,
    0.0,
    0.0,
    1.0
  ],
  "/cave_1/lmd_root_0/half_0/plane_0/module_2/sensor_1": [
    0.3024753435075576,
    -0.9523171204778703,
    0.04000960653046352,
    25.949341650660035,
    0.9530802564821726,
    0.3027177310695165,
    0.0,
    6.46019389051567,
    -0.012111617309886026,
    0.03813236605380498,
    0.9991992951284931,
    1097.1850816262017,
    0.0,
    0.0,
    0.0,
    1.0
  ],
  "/cave_1/lmd_root_0/half_0/plane_0/module_2/sensor_2": [
    0.30639841766881687,
    -0.9510621646534587,
    0.04000960653046352,
    26.557186260631262,
    0.9518242950032864,
    0.30664394897257735,
    0.0,
    8.3624866400236,
    -0.012268703743340353,
    0.03808211552921733,
    0.9991992951284931,
    1097.1607425140794,
    0.0,
    0.0,
    0.0,
    1.0
  ],
  "/cave_1/lmd_root_0/half_0/plane_0/module_2/sensor_3": [
    0.3033274689895083,
    -0.9520460482254504,
    0.04000960653046352,
    24.057234928649233,
    0.9528089670069482,
    0.3035705393992513,
    0.0,
    7.119442872933689,
    -0.012145737835604619,
    0.038121511868645395,
    0.9991992951284931,
    1097.2608447355537,
    0.0,
    0.0,
    0.0,
    1.0
  ],
  "/cave_1/lmd_root_0/half_0/plane_0/module_2/sensor_4": [
    0.30656543358666155,
    -0.9510083418746125,
    0.04000960653046352,
    24.67834889572711,
    0.951770429093744,
    0.3068110987280454,
    0.0,
    8.981493761094244,
    -0.012275391339288294,
    0.03807996037537113,
    0.9991992951284931,
    1097.2359742962385,
    0.0,
    0.0,
    0.0,
    1.0
  ],
  "/cave_1/lmd_root_0/half_0/plane_0/module_2/sensor_5": [
    -0.3054013149470626,
    0.9513828189608443,
    -0.040009606530463405,
    24.46941701809,
    0.9521452062658833,
    0.30564604722603317,
    3.7843667304341493e-17,
    4.5980634355390215,
    0.012228778087105064,
    -0.0380949550625649,
    -0.9991992951284931,
    1097.269360310799,
    0.0,
    0.0,
    0.0,
    1.0
  ],
  "/cave_1/lmd_root_0/half_0/plane_0/module_2/sensor_6": [
    -0.3039531749463147,
    0.9518464680952137,
    -0.040009606530463405,
    23.857986265667954,
    0.9526092269438701,
    0.3041967467633446,
    3.7843667304341493e-17,
    6.478313577742947,
    0.012170792145848472,
    -0.03811352034731315,
    -0.9991992951284931,
    1097.2938430180468,
    0.0,
    0.0,
    0.0,
    1.0
  ],
  "/cave_1/lmd_root_0/half_0/plane_0/module_2/sensor_7": [
    -0.3088249822722998,
    0.9502769920974574,
    -0.040009606530463405,
    23.2351486915621,
    0.9510384932519949,
    0.30907245809514516,
    3.7843667304341493e-17,
    8.395977583997805,
    0.012365867437789934,
    -0.038050675910337076,
    -0.9991992951284931,
    1097.3187824734628,
    0.0,
    0.0,
    0.0,
    1.0
  ],
  "/cave_1/lmd_root_0/half_0/plane_0/module_2/sensor_8": [
    -0.30980486466199814,
    0.9499579870799754,
    -0.040009606530463405,
    25.758105448687417,
    0.9507192326009541,
    0.3100531257101802,
    3.7843667304341493e-17,
    7.119771491020535,
    0.012405103563204657,
    -0.038037902417308284,
    -0.9991992951284931,
    1097.2177590763906,
    0.0,
    0.0,
    0.0,
    1.0
  ],
  "/cave_1/lmd_root_0/half_0/plane_0/module_2/sensor_9": [
    -0.30231250881877186,
    0.952368824771673,
    -0.040009606530463405,
    25.12079662241482,
    0.9531320022090308,
    0.3025547658937206,
    3.7843667304341493e-17,
    8.995856605815078,
    0.012105097137324267,
    -0.038134436379976086,
    -0.9991992951284931,
    1097.2432779848825,
    0.0,
    0.0,
    0.0,
    1.0
  ],
  "/cave_1/lmd_root_0/half_0/plane_0/module_3": [
    -0.3087695629621729,
    -0.9502950007094778,
    0.04000960653046352,
    24.9220188339965,
    0.9510565162951536,
    -0.30901699437494734,
    0.0,
    0.0,
    0.012363648356168103,
    0.038051397005202464,
    0.9991992951284931,
    1097.739128035535,
    0.0,
    0.0,
    0.0,
    1.0
  ],
  "/cave_1/lmd_root_0/half_0/plane_0/module_3/sensor_0": [
    -0.3035770046280207,
    -0.9519665086789327,
    0.04000960653046352,
    22.566654563357204,
    0.9527293637216923,
    -0.3038202750022776,
    0.0,
    3.980327351017412,
    0.012155729658818348,
    0.03811832697252377,
    0.9991992951284931,
    1097.8209307330576,
    0.0,
    0.0,
    0.0,
    1.0
  ],
  "/cave_1/lmd_root_0/half_0/plane_0/module_3/sensor_1": [
    -0.3099771889145663,
    -0.9499017705730951,
    0.04000960653046352,
    21.986317163579066,
    0.9506629710451722,
    -0.31022558805418743,
    0.0,
    5.860419440259073,
    0.012412003713729705,
    0.038035651414598776,
    0.9991992951284931,
    1097.8441684105992,
    0.0,
    0.0,
    0.0,
    1.0
  ],
  "/cave_1/lmd_root_0/half_0/plane_0/module_3/sensor_2": [
    -0.3073063598263938,
    -0.9507691794518418,
    0.04000960653046352,
    21.361696258154407,
    0.9515310750189996,
    -0.30755261870643674,
    0.0,
    7.769031851920603,
    0.01230505926185821,
    0.03807038391301914,
    0.9991992951284931,
    1097.8691792735758,
    0.0,
    0.0,
    0.0,
    1.0
  ],
  "/cave_1/lmd_root_0/half_0/plane_0/module_3/sensor_3": [
    -0.30829388262542573,
    -0.9504494270191433,
    0.04000960653046352,
    20.06733192862915,
    0.951211066353804,
    -0.30854093285342077,
    0.0,
    5.284808995817874,
    0.01234460132200753,
    0.03805758049223832,
    0.9991992951284931,
    1097.921007780445,
    0.0,
    0.0,
    0.0,
    1.0
  ],
  "/cave_1/lmd_root_0/half_0/plane_0/module_3/sensor_4": [
    -0.30921471808794665,
    -0.9501502457522545,
    0.04000960653046352,
    19.43932256301018,
    0.9509116453390499,
    -0.30946250622422916,
    0.0,
    7.165273824490429,
    0.012381473109962527,
    0.038045600775251064,
    0.9991992951284931,
    1097.9461543230202,
    0.0,
    0.0,
    0.0,
    1.0
  ],
  "/cave_1/lmd_root_0/half_0/plane_0/module_3/sensor_5": [
    -0.8088319027745592,
    0.586677240430685,
    -0.040009606530463454,
    21.898392213718537,
    0.5871473721918915,
    0.809480057399907,
    9.907600726170916e-17,
    3.411848186850575,
    0.0323869785908273,
    -0.023491535336793073,
    -0.9991992951284931,
    1097.872709105921,
    0.0,
    0.0,
    0.0,
    1.0
  ],
  "/cave_1/lmd_root_0/half_0/plane_0/module_3/sensor_6": [
    -0.8074250303679928,
    0.5886119704189882,
    -0.040009606530463454,
    20.253985378060264,
    0.5890836525693255,
    0.8080720576010425,
    9.907600726170916e-17,
    4.627702531404336,
    0.03233064507287976,
    -0.023569005152826866,
    -0.9991992951284931,
    1097.9385538986382,
    0.0,
    0.0,
    0.0,
    1.0
  ],
  "/cave_1/lmd_root_0/half_0/plane_0/module_3/sensor_7": [
    -0.8082228606227143,
    0.5875159903799337,
    -0.040009606530463454,
    18.639108846615628,
    0.5879867942704877,
    0.8088705271942571,
    9.907600726170916e-17,
    5.806337559985291,
    0.03236259152713082,
    -0.023525120283870694,
    -0.9991992951284931,
    1098.0032162487153,
    0.0,
    0.0,
    0.0,
    1.0
  ],
  "/cave_1/lmd_root_0/half_0/plane_0/module_3/sensor_8": [
    -0.8084003970954929,
    0.5872716827509453,
    -0.040009606530463454,
    21.420790113858207,
    0.5877422908664327,
    0.809048205935269,
    9.907600726170916e-17,
    6.214554507233782,
    0.03236970038364754,
    -0.023515337798879092,
    -0.9991992951284931,
    1097.8918330906824,
    0.0,
    0.0,
    0.0,
    1.0
  ],
  "/cave_1/lmd_root_0/half_0/plane_0/module_3/sensor_9": [
    -0.8089319123857897,
    0.5865393358583435,
    -0.040009606530463454,
    19.826397278628626,
    0.5870093571102017,
    0.8095801471534907,
    9.907600726170916e-17,
    7.413716789065433,
    0.032390983142485924,
    -0.023486013407679397,
    -0.9991992951284931,
    1097.9556752393944,
    0.0,
    0.0,
    0.0,
    1.0
  ],
  "/cave_1/lmd_root_0/half_0/plane_0/module_4": [
    -0.8083692105264195,
    -0.5873146097775628,
    0.04000960653046352,
    24.90201403073127,
    0.5877852522924732,
    -0.8090169943749473,
    0.0,
    0.0,
    0.03236845162139986,
    0.023517056668631086,
    0.9991992951284931,
    1097.239528387971,
    0.0,
    0.0,
    0.0,
    1.0
  ],
  "/cave_1/lmd_root_0/half_0/plane_0/module_4/sensor_0": [
    -0.8024250960561584,
    -0.595410107912641,
    0.04000960653046352,
    20.669376898935138,
    0.5958872377267576,
    -0.8030681166092792,
    0.0,
    1.8726722124126545,
    0.03213043936269765,
    0.023841213917972344,
    0.9991992951284931,
    1097.3965002223129,
    0.0,
    0.0,
    0.0,
    1.0
  ],
  "/cave_1/lmd_root_0/half_0/plane_0/module_4/sensor_1": [
    -0.8044558978731786,
    -0.5926634287370325,
    0.04000960653046352,
    19.060684773917803,
    0.5931383575093678,
    -0.8051005458022552,
    0.0,
    2.9921706587010215,
    0.03221175605500966,
    0.02373123230207521,
    0.9991992951284931,
    1097.4609149384403,
    0.0,
    0.0,
    0.0,
    1.0
  ],
  "/cave_1/lmd_root_0/half_0/plane_0/module_4/sensor_2": [
    -0.8130476697411321,
    -0.5808207280338681,
    0.04000960653046352,
    17.44855668806954,
    0.5812861666992837,
    -0.8136992026566405,
    0.0,
    4.227770060518133,
    0.03255578493244408,
    0.02325703081123977,
    0.9991992951284931,
    1097.5254672361712,
    0.0,
    0.0,
    0.0,
    1.0
  ],
  "/cave_1/lmd_root_0/half_0/plane_0/module_4/sensor_3": [
    -0.8119876016531629,
    -0.5823017827096377,
    0.04000960653046352,
    17.882409223968054,
    0.5827684082130542,
    -0.8126382850868047,
    0.0,
    1.3824136826699198,
    0.0325133380379137,
    0.023316334710988845,
    0.9991992951284931,
    1097.508095056929,
    0.0,
    0.0,
    0.0,
    1.0
  ],
  "/cave_1/lmd_root_0/half_0/plane_0/module_4/sensor_4": [
    -0.8083315723850623,
    -0.5873664107444095,
    0.04000960653046352,
    16.252490523266225,
    0.5878370947698442,
    -0.8089793260723966,
    0.0,
    2.5711264249718897,
    0.032366944527436145,
    0.02351913086575226,
    0.9991992951284931,
    1097.573359720555,
    0.0,
    0.0,
    0.0,
    1.0
  ],
  "/cave_1/lmd_root_0/half_0/plane_0/module_4/sensor_5": [
    -0.9991637300747777,
    -0.00843041448178033,
    -0.04000960653046352,
    20.38764960389021,
    -0.008437170165033148,
    0.9999644064463526,
    1.2246467991473532e-16,
    1.0255133775807919,
    0.04000818244638707,
    0.00033756785853366564,
    -0.9991992951284931,
    1097.4328010868155,
    0.0,
    0.0,
    0.0,
    1.0
  ],
  "/cave_1/lmd_root_0/half_0/plane_0/module_4/sensor_6": [
    -0.9991988697455724,
    -0.000922000243064764,
    -0.04000960653046352,
    18.398472839871317,
    -0.0009227390847450501,
    0.9999995742762001,
    1.2246467991473532e-16,
    1.0098887870005564,
    0.040009589497421796,
    3.691842771105191e-05,
    -0.9991992951284931,
    1097.512451042571,
    0.0,
    0.0,
    0.0,
    1.0
  ],
  "/cave_1/lmd_root_0/half_0/plane_0/module_4/sensor_7": [
    -0.9991940767485097,
    -0.0032292996099644263,
    -0.04000960653046352,
    16.44067075149411,
    -0.0032318873979481078,
    0.9999947774382859,
    1.2246467991473532e-16,
    1.0063661771021133,
    0.040009397577824256,
    0.0001293065431427878,
    -0.9991992951284931,
    1097.590844703978,
    0.0,
    0.0,
    0.0,
    1.0
  ],
  "/cave_1/lmd_root_0/half_0/plane_0/module_4/sensor_8": [
    -0.9991992930947426,
    -6.375142709785295e-05,
    -0.04000960653046352,
    18.39603871814917,
    -6.380251408166782e-05,
    0.9999999979646197,
    1.2246467991473532e-16,
    3.0037978243332963,
    0.040009606449028755,
    2.55271348418181e-06,
    -0.9991992951284931,
    1097.5125485088652,
    0.0,
    0.0,
    0.0,
    1.0
  ],
  "/cave_1/lmd_root_0/half_0/plane_0/module_4/sensor_9": [
    -0.9991929293533343,
    -0.0035666953304719314,
    -0.04000960653046352,
    16.396114552836544,
    -0.003569553489339905,
    0.9999936291236493,
    1.2246467991473532e-16,
    3.0204569834843285,
    0.04000935163420748,
    0.00014281643059805516,
    -0.9991992951284931,
    1097.592628808496,
    0.0,
    0.0,
    0.0,
    1.0
  ],
  "/cave_1/lmd_root_0/half_0/plane_1": [
    0.9991992951284931,
    0.0,
    0.04000960653046352,
    25.712208562973153,
    0.0,
    1.0,
    0.0,
    0.0,
    -0.04000960653046352,
    0.0,
    0.9991992951284931,
    1117.4733141143229,
    0.0,
    0.0,
    0.0,
    1.0
  ],
  "/cave_1/lmd_root_0/half_0/plane_1/module_0": [
    0.9991992951284931,
    0.0,
    0.04000960653046352,
    25.702206161340538,
    0.0,
    1.0,
    0.0,
    0.0,
    -0.04000960653046352,
    0.0,
    0.9991992951284931,
    1117.2235142905408,
    0.0,
    0.0,
    0.0,
    1.0
  ],
  "/cave_1/lmd_root_0/half_0/plane_1/module_0/sensor_0": [
    0.9991881584743169,
    -0.004717557628796263,
    0.04000960653046352,
    30.19298636570788,
    0.0047213380271546364,
    0.9999888544215048,
    0.0,
    1.017773054219494,
    -0.04000916060025338,
    0.00018889887676377192,
    0.9991992951284931,
    1117.0311859433048,
    0.0,
    0.0,
    0.0,
    1.0
  ],
  "/cave_1/lmd_root_0/half_0/plane_1/module_0/sensor_1": [
    0.999166914925316,
    0.008044097457386294,
    0.04000960653046352,
    32.20987092919206,
    -0.00805054356683854,
    0.9999675938490599,
    0.0,
    1.004530033860954,
    -0.04000830997311524,
    -0.00032209908046556434,
    0.9991992951284931,
    1116.9504265210396,
    0.0,
    0.0,
    0.0,
    1.0
  ],
  "/cave_1/lmd_root_0/half_0/plane_1/module_0/sensor_2": [
    0.9991986179366362,
    -0.001163313712537049,
    0.04000960653046352,
    34.22130011385594,
    0.0011642459299247717,
    0.9999993222654777,
    0.0,
    0.9785322739835829,
    -0.04000957941457196,
    4.6581021560983725e-05,
    0.9991992951284931,
    1116.8698855412424,
    0.0,
    0.0,
    0.0,
    1.0
  ],
  "/cave_1/lmd_root_0/half_0/plane_1/module_0/sensor_3": [
    0.9991905829052123,
    -0.0041725793964129945,
    0.04000960653046352,
    32.17387664960527,
    0.0041759230783648795,
    0.9999912807952095,
    0.0,
    3.0129183964369153,
    -0.040009257678510594,
    0.00016707703926686083,
    0.9991992951284931,
    1116.951867792036,
    0.0,
    0.0,
    0.0,
    1.0
  ],
  "/cave_1/lmd_root_0/half_0/plane_1/module_0/sensor_4": [
    0.9991958438334193,
    0.0026262237716337374,
    0.04000960653046352,
    34.19376349713528,
    -0.002628328286896975,
    0.9999965459392429,
    0.0,
    3.0232317865639926,
    -0.0400094683348517,
    -0.00010515838059163522,
    0.9991992951284931,
    1116.8709881533093,
    0.0,
    0.0,
    0.0,
    1.0
  ],
  "/cave_1/lmd_root_0/half_0/plane_1/module_0/sensor_5": [
    0.8076737906016036,
    0.5882705834567241,
    -0.040009606530463454,
    29.903077067722325,
    0.5887419920378094,
    -0.8083210171777993,
    -9.907600726170916e-17,
    1.8281377978195483,
    -0.03234060584758779,
    -0.02355533544939392,
    -0.9991992951284931,
    1117.0678144288536,
    0.0,
    0.0,
    0.0,
    1.0
  ],
  "/cave_1/lmd_root_0/half_0/plane_1/module_0/sensor_6": [
    0.8066119051084639,
    0.5897257548408174,
    -0.040009606530463454,
    31.53017760304049,
    0.590198329518418,
    -0.8072582807464218,
    -9.907600726170916e-17,
    3.0012921766433496,
    -0.032298086181122794,
    -0.023613602938968636,
    -0.9991992951284931,
    1117.0026626092706,
    0.0,
    0.0,
    0.0,
    1.0
  ],
  "/cave_1/lmd_root_0/half_0/plane_1/module_0/sensor_7": [
    0.8112669676403949,
    0.5833053562250532,
    -0.040009606530463454,
    33.14027919657985,
    0.5837727859386074,
    -0.8119170735964831,
    -9.907600726170916e-17,
    4.183778430931903,
    -0.032484482649960685,
    -0.023356519468596067,
    -0.9991992951284931,
    1116.9381914556723,
    0.0,
    0.0,
    0.0,
    1.0
  ],
  "/cave_1/lmd_root_0/half_0/plane_1/module_0/sensor_8": [
    0.8079897936475238,
    0.5878364778973059,
    -0.040009606530463454,
    32.69192614413042,
    0.5883075386094146,
    -0.8086372734516585,
    -9.907600726170916e-17,
    1.3938370079799467,
    -0.03235325913666769,
    -0.023537953138668036,
    -0.9991992951284931,
    1116.956144259785,
    0.0,
    0.0,
    0.0,
    1.0
  ],
  "/cave_1/lmd_root_0/half_0/plane_1/module_0/sensor_9": [
    0.8068203942448494,
    0.5894404828444203,
    -0.040009606530463454,
    34.34845057166152,
    0.5899128289203012,
    -0.8074669369548498,
    -9.907600726170916e-17,
    2.58683703360242,
    -0.032306434433922136,
    -0.023602180172373772,
    -0.9991992951284931,
    1116.8898142584765,
    0.0,
    0.0,
    0.0,
    1.0
  ],
  "/cave_1/lmd_root_0/half_0/plane_1/module_1": [
    0.8083692105264196,
    -0.5873146097775627,
    0.04000960653046352,
    25.722210964605768,
    0.5877852522924731,
    0.8090169943749475,
    0.0,
    0.0,
    -0.03236845162139987,
    0.023517056668631083,
    0.9991992951284931,
    1117.723113938105,
    0.0,
    0.0,
    0.0,
    1.0
  ],
  "/cave_1/lmd_root_0/half_0/plane_1/module_1/sensor_0": [
    0.8042424713247579,
    -0.5929530155945947,
    0.04000960653046352,
    28.764494124494824,
    0.5934281764263487,
    0.8048869482252141,
    0.0,
    3.458259598606306,
    -0.03220321009999638,
    0.023742827842908702,
    0.9991992951284931,
    1117.588785828752,
    0.0,
    0.0,
    0.0,
    1.0
  ],
  "/cave_1/lmd_root_0/half_0/plane_1/module_1/sensor_1": [
    0.8051827280746683,
    -0.5916755916847612,
    0.04000960653046352,
    30.380708618168413,
    0.5921497288573188,
    0.8058279584465928,
    0.0,
    4.627671922770242,
    -0.03224085954869489,
    0.023691677658701987,
    0.9991992951284931,
    1117.5240699044355,
    0.0,
    0.0,
    0.0,
    1.0
  ],
  "/cave_1/lmd_root_0/half_0/plane_1/module_1/sensor_2": [
    0.8125226957614493,
    -0.5815548987480245,
    0.04000960653046352,
    32.02027372706519,
    0.5820209257385823,
    0.8131738079908893,
    0.0,
    5.804974862714154,
    -0.032534764098594175,
    0.023286428231296806,
    0.9991992951284931,
    1117.4584189825343,
    0.0,
    0.0,
    0.0,
    1.0
  ],
  "/cave_1/lmd_root_0/half_0/plane_1/module_1/sensor_3": [
    0.8146851082335077,
    -0.5785217418626852,
    0.04000960653046352,
    29.209681118909668,
    0.5789853382435479,
    0.8153379533046432,
    0.0,
    6.236745931669015,
    -0.032621350701072215,
    0.023164975570031686,
    0.9991992951284931,
    1117.570959798884,
    0.0,
    0.0,
    0.0,
    1.0
  ],
  "/cave_1/lmd_root_0/half_0/plane_1/module_1/sensor_4": [
    0.809565605338917,
    -0.5856643766164291,
    0.04000960653046352,
    30.84693193003585,
    0.5861336967227494,
    0.8102143479142566,
    0.0,
    7.442614942180725,
    -0.032416357265385484,
    0.023450978580123242,
    0.9991992951284931,
    1117.505401545326,
    0.0,
    0.0,
    0.0,
    1.0
  ],
  "/cave_1/lmd_root_0/half_0/plane_1/module_1/sensor_5": [
    0.3027812149239893,
    0.9522199153947739,
    -0.040009606530463405,
    28.07707857663333,
    0.9529829735041218,
    -0.30302384759494133,
    -3.7843667304341506e-17,
    3.9590153423113916,
    -0.01212386491162075,
    -0.03812847380013093,
    -0.9991992951284931,
    1117.6413311276217,
    0.0,
    0.0,
    0.0,
    1.0
  ],
  "/cave_1/lmd_root_0/half_0/plane_1/module_1/sensor_6": [
    0.3149275340246957,
    0.9482720494132482,
    -0.040009606530463405,
    28.664139228681325,
    0.9490319439139556,
    -0.3151799001061117,
    -3.7843667304341506e-17,
    5.85458256770041,
    -0.012610223789556325,
    -0.037970394660838167,
    -0.9991992951284931,
    1117.6178242398441,
    0.0,
    0.0,
    0.0,
    1.0
  ],
  "/cave_1/lmd_root_0/half_0/plane_1/module_1/sensor_7": [
    0.3112649638102275,
    0.9494805704644491,
    -0.040009606530463405,
    29.314939965731767,
    0.9502414334092876,
    -0.3115143949037715,
    -3.7843667304341506e-17,
    7.774309999729703,
    -0.012463568368675326,
    -0.03801878585964913,
    -0.9991992951284931,
    1117.591765092739,
    0.0,
    0.0,
    0.0,
    1.0
  ],
  "/cave_1/lmd_root_0/half_0/plane_1/module_1/sensor_8": [
    0.3049869959023128,
    0.9515157191112296,
    -0.040009606530463405,
    30.589603480969256,
    0.9522782129153408,
    -0.3052313961681616,
    -3.7843667304341506e-17,
    5.220861699617752,
    -0.012212188061432174,
    -0.03810027660627562,
    -0.9991992951284931,
    1117.5407254393365,
    0.0,
    0.0,
    0.0,
    1.0
  ],
  "/cave_1/lmd_root_0/half_0/plane_1/module_1/sensor_9": [
    0.31049783096009864,
    0.9497317138825847,
    -0.040009606530463405,
    31.162810118136058,
    0.9504927780803257,
    -0.31074664731440765,
    -3.7843667304341506e-17,
    7.165015049326432,
    -0.01243285108971017,
    -0.03802884206104089,
    -0.9991992951284931,
    1117.5177732894244,
    0.0,
    0.0,
    0.0,
    1.0
  ],
  "/cave_1/lmd_root_0/half_0/plane_1/module_2": [
    0.308769562962173,
    -0.9502950007094777,
    0.04000960653046352,
    25.702206161340538,
    0.9510565162951535,
    0.30901699437494745,
    0.0,
    0.0,
    -0.012363648356168107,
    0.038051397005202464,
    0.9991992951284931,
    1117.2235142905408,
    0.0,
    0.0,
    0.0,
    1.0
  ],
  "/cave_1/lmd_root_0/half_0/plane_1/module_2/sensor_0": [
    0.31144518469494487,
    -0.9494214703258028,
    0.04000960653046352,
    26.132992043596968,
    0.9501822859109512,
    0.3116947602078665,
    0.0,
    4.575140271503256,
    -0.012470784713523917,
    0.03801641939151355,
    0.9991992951284931,
    1117.1937548883946,
    0.0,
    0.0,
    0.0,
    1.0
  ],
  "/cave_1/lmd_root_0/half_0/plane_1/module_2/sensor_1": [
    0.3076329806739727,
    -0.9506635475219004,
    0.04000960653046352,
    26.757557203602282,
    0.9514253584412795,
    0.30787950129049313,
    0.0,
    6.48389132212101,
    -0.012318137705427968,
    0.038066154234340815,
    0.9991992951284931,
    1117.1687462575576,
    0.0,
    0.0,
    0.0,
    1.0
  ],
  "/cave_1/lmd_root_0/half_0/plane_1/module_2/sensor_2": [
    0.3119497963182573,
    -0.9492557905866443,
    0.04000960653046352,
    27.375430159871442,
    0.9500164734049114,
    0.31219977619994393,
    0.0,
    8.406829955214132,
    -0.012490990204658528,
    0.038009785298389075,
    0.9991992951284931,
    1117.1440055937214,
    0.0,
    0.0,
    0.0,
    1.0
  ],
  "/cave_1/lmd_root_0/half_0/plane_1/module_2/sensor_3": [
    0.31150312623843757,
    -0.9494024614087313,
    0.04000960653046352,
    24.843097702811807,
    0.9501632617611503,
    0.311752748182613,
    0.0,
    7.156175582080358,
    -0.012473104789577024,
    0.03801565824276544,
    0.9991992951284931,
    1117.2454044094584,
    0.0,
    0.0,
    0.0,
    1.0
  ],
  "/cave_1/lmd_root_0/half_0/plane_1/module_2/sensor_4": [
    0.3095752634424933,
    -0.9500328350377097,
    0.04000960653046352,
    25.487412119245196,
    0.9507941405378386,
    0.3098233405005386,
    0.0,
    9.023230857057541,
    -0.012395909947380374,
    0.03804089945438916,
    0.9991992951284931,
    1117.2196049854506,
    0.0,
    0.0,
    0.0,
    1.0
  ],
  "/cave_1/lmd_root_0/half_0/plane_1/module_2/sensor_5": [
    -0.31417674277990687,
    0.9485210623288689,
    -0.040009606530463405,
    25.20010983055089,
    0.9492811563752082,
    0.3144285072173765,
    3.7843667304341493e-17,
    4.625217869389494,
    0.01258016085572824,
    -0.037980365553355364,
    -0.9991992951284931,
    1117.2561290819986,
    0.0,
    0.0,
    0.0,
    1.0
  ],
  "/cave_1/lmd_root_0/half_0/plane_1/module_2/sensor_6": [
    -0.3126146458280723,
    0.9490370459571462,
    -0.040009606530463405,
    24.664492816703635,
    0.9497975534851671,
    0.31286515848459556,
    3.7843667304341493e-17,
    6.536910883972409,
    0.012517611888059783,
    -0.03800102639853829,
    -0.9991992951284931,
    1117.2775760806899,
    0.0,
    0.0,
    0.0,
    1.0
  ],
  "/cave_1/lmd_root_0/half_0/plane_1/module_2/sensor_7": [
    -0.30793727378335833,
    0.9505650250246694,
    -0.040009606530463405,
    24.045745542209577,
    0.9513267569933888,
    0.30818403824410096,
    3.7843667304341493e-17,
    8.390774084040718,
    0.012330322109115803,
    -0.03806220922920725,
    -0.9991992951284931,
    1117.3023517536863,
    0.0,
    0.0,
    0.0,
    1.0
  ],
  "/cave_1/lmd_root_0/half_0/plane_1/module_2/sensor_8": [
    -0.3134333269367283,
    0.9487669792686988,
    -0.040009606530463405,
    26.54925488374205,
    0.9495272703797204,
    0.31368449564050377,
    3.7843667304341493e-17,
    7.117898701032343,
    0.012550393245283458,
    -0.03799021247783754,
    -0.9991992951284931,
    1117.2021070635744,
    0.0,
    0.0,
    0.0,
    1.0
  ],
  "/cave_1/lmd_root_0/half_0/plane_1/module_2/sensor_9": [
    -0.30695310607405096,
    0.9508832851916001,
    -0.040009606530463405,
    25.932704993615104,
    0.9516452721969948,
    0.307199081875431,
    3.7843667304341493e-17,
    9.019735101885438,
    0.012290914392355645,
    -0.038074952897177494,
    -0.9991992951284931,
    1117.2267947496355,
    0.0,
    0.0,
    0.0,
    1.0
  ],
  "/cave_1/lmd_root_0/half_0/plane_1/module_3": [
    -0.3087695629621729,
    -0.9502950007094778,
    0.04000960653046352,
    25.722210964605768,
    0.9510565162951536,
    -0.30901699437494734,
    0.0,
    0.0,
    0.012363648356168103,
    0.038051397005202464,
    0.9991992951284931,
    1117.723113938105,
    0.0,
    0.0,
    0.0,
    1.0
  ],
  "/cave_1/lmd_root_0/half_0/plane_1/module_3/sensor_0": [
    -0.3140964899171165,
    -0.9485476405574074,
    0.04000960653046352,
    23.39171824639283,
    0.9493077559021174,
    -0.31434819004423425,
    0.0,
    4.009807465598261,
    0.012576947397233185,
    0.037981429789961024,
    0.9991992951284931,
    1117.8039207371803,
    0.0,
    0.0,
    0.0,
    1.0
  ],
  "/cave_1/lmd_root_0/half_0/plane_1/module_3/sensor_1": [
    -0.31130291331561594,
    -0.9494681287681476,
    0.04000960653046352,
    22.77176789730646,
    0.9502289817428762,
    -0.31155237481986375,
    0.0,
    5.883356881752208,
    0.01246508793017424,
    0.03801828767337548,
    0.9991992951284931,
    1117.8287445832902,
    0.0,
    0.0,
    0.0,
    1.0
  ],
  "/cave_1/lmd_root_0/half_0/plane_1/module_3/sensor_2": [
    -0.3106592307138637,
    -0.9496789319330761,
    0.04000960653046352,
    22.125041802230232,
    0.9504399538341858,
    -0.31090817640530277,
    0.0,
    7.812325020845462,
    0.012439313805080107,
    0.038026728583737686,
    0.9991992951284931,
    1117.854640574934,
    0.0,
    0.0,
    0.0,
    1.0
  ],
  "/cave_1/lmd_root_0/half_0/plane_1/module_3/sensor_3": [
    -0.31882561099459555,
    -0.9469685639762285,
    0.04000960653046352,
    20.876093403995448,
    0.9477274139334256,
    -0.319081100786401,
    0.0,
    5.264937691320792,
    0.012766309293771079,
    0.03791820092961009,
    0.9991992951284931,
    1117.9046505521565,
    0.0,
    0.0,
    0.0,
    1.0
  ],
  "/cave_1/lmd_root_0/half_0/plane_1/module_3/sensor_4": [
    -0.3166477546488261,
    -0.9476990191306175,
    0.04000960653046352,
    20.242003689030234,
    0.9484584544355058,
    -0.3169014992230419,
    0.0,
    7.153087860627679,
    0.012679104292827896,
    0.037947449572456146,
    0.9991992951284931,
    1117.930040562062,
    0.0,
    0.0,
    0.0,
    1.0
  ],
  "/cave_1/lmd_root_0/half_0/plane_1/module_3/sensor_5": [
    -0.8095887203432914,
    0.5856324233494842,
    -0.040009606530463454,
    22.631054189220414,
    0.5861017178501654,
    0.8102374814417593,
    9.907600726170916e-17,
    3.4406737478124496,
    0.03241728282871853,
    -0.023449699118013742,
    -0.9991992951284931,
    1117.8593990285478,
    0.0,
    0.0,
    0.0,
    1.0
  ],
  "/cave_1/lmd_root_0/half_0/plane_1/module_3/sensor_6": [
    -0.8121235191071794,
    0.5821122066219265,
    -0.040009606530463454,
    21.053481048140444,
    0.5825786802092061,
    0.8127743114577993,
    9.907600726170916e-17,
    4.649030012395833,
    0.032518780399494955,
    -0.023308743768206946,
    -0.9991992951284931,
    1117.9225676886495,
    0.0,
    0.0,
    0.0,
    1.0
  ],
  "/cave_1/lmd_root_0/half_0/plane_1/module_3/sensor_7": [
    -0.8057953093642833,
    0.5908410537460955,
    -0.040009606530463454,
    19.434371322267666,
    0.5913145221645854,
    0.8064410306260887,
    9.907600726170916e-17,
    5.784743671017301,
    0.03226538832537129,
    -0.023658261367553987,
    -0.9991992951284931,
    1117.9873995428927,
    0.0,
    0.0,
    0.0,
    1.0
  ],
  "/cave_1/lmd_root_0/half_0/plane_1/module_3/sensor_8": [
    -0.8139915918928352,
    0.5794971265787657,
    -0.040009606530463454,
    22.23753843711448,
    0.5799615045807699,
    0.814643881217069,
    9.907600726170916e-17,
    6.239302832891626,
    0.032593581149944595,
    -0.023204031601092096,
    -0.9991992951284931,
    1117.8751560556816,
    0.0,
    0.0,
    0.0,
    1.0
  ],
  "/cave_1/lmd_root_0/half_0/plane_1/module_3/sensor_9": [
    -0.8115726418815656,
    0.5828799862189934,
    -0.040009606530463454,
    20.635877115153797,
    0.5833470750637763,
    0.8122229927886413,
    9.907600726170916e-17,
    7.417623370480495,
    0.032496722356469054,
    -0.023339486943998334,
    -0.9991992951284931,
    1117.9392892467267,
    0.0,
    0.0,
    0.0,
    1.0
  ],
  "/cave_1/lmd_root_0/half_0/plane_1/module_4": [
    -0.8083692105264195,
    -0.5873146097775628,
    0.04000960653046352,
    25.702206161340538,
    0.5877852522924732,
    -0.8090169943749473,
    0.0,
    0.0,
    0.03236845162139986,
    0.023517056668631086,
    0.9991992951284931,
    1117.2235142905408,
    0.0,
    0.0,
    0.0,
    1.0
  ],
  "/cave_1/lmd_root_0/half_0/plane_1/module_4/sensor_0": [
    -0.8065879740452473,
    -0.5897584857472261,
    0.04000960653046352,
    21.43509846649683,
    0.5902310866536244,
    -0.8072343305061311,
    0.0,
    1.8516586616274084,
    0.032297127941432455,
    0.023614913539059434,
    0.9991992951284931,
    1117.3818663837271,
    0.0,
    0.0,
    0.0,
    1.0
  ],
  "/cave_1/lmd_root_0/half_0/plane_1/module_4/sensor_1": [
