{
  "0": {
    "id1": 0,
    "id2": 5,
    "matrix1": [
      0.9991992951284931,
      0.0,
      0.04000960653046352,
      29.39791073872786,
      0.0,
      1.0,
      0.0,
      0.98,
      -0.04000960653046352,
      0.0,
      0.9991992951284931,
      1097.0469951673947,
      0.0,
      0.0,
      0.0,
      1.0
    ],
    "matrix2": [
      0.8083692105264196,
      0.5873146097775627,
      -0.040009606530463454,
      29.1157439157638,
      0.5877852522924731,
      -0.8090169943749475,
      -9.907600726170916e-17,
      1.8521969808286807,
      -0.03236845162139987,
      -0.02351705666863096,
      -0.9991992951284931,
      1097.0833136313286,
      0.0,
      0.0,
      0.0,
      1.0
    ],
    "overlapID": 0,
    "path1": "/cave_1/lmd_root_0/half_0/plane_0/module_0/sensor_0",
    "path2": "/cave_1/lmd_root_0/half_0/plane_0/module_0/sensor_5",
    "pathModule": "/cave_1/lmd_root_0/half_0/plane_0/module_0"
  },
  "1": {
    "id1": 3,
    "id2": 8,
    "matrix1": [
      0.9991992951284931,
      0.0,
      0.04000960653046352,
      31.396309328984845,
      0.0,
      1.0,
      0.0,
      2.98,
      -0.04000960653046352,
      0.0,
      0.9991992951284931,
      1096.9669759543337,
      0.0,
      0.0,
      0.0,
      1.0
    ],
    "matrix2": [
      0.8083692105264196,
      0.5873146097775627,
      -0.040009606530463454,
      31.907111556371763,
      0.5877852522924731,
      -0.8090169943749475,
      -9.907600726170916e-17,
      1.409733496663732,
      -0.03236845162139987,
      -0.02351705666863096,
      -0.9991992951284931,
      1096.9715426147486,
      0.0,
      0.0,
      0.0,
      1.0
    ],
    "overlapID": 1,
    "path1": "/cave_1/lmd_root_0/half_0/plane_0/module_0/sensor_3",
    "path2": "/cave_1/lmd_root_0/half_0/plane_0/module_0/sensor_8",
    "pathModule": "/cave_1/lmd_root_0/half_0/plane_0/module_0"
  },
  "10": {
    "id1": 10,
    "id2": 15,
    "matrix1": [
      0.8083692105264196,
      -0.5873146097775627,
      0.04000960653046352,
      27.983611843701745,
      0.5877852522924731,
      0.8090169943749475,
      0.0,
      3.437870289803578,
      -0.03236845162139987,
      0.023517056668631083,
      0.9991992951284931,
      1097.6040267275848,
      0.0,
      0.0,
      0.0,
      1.0
    ],
    "matrix2": [
      0.30876956296217306,
      0.9502950007094777,
      -0.040009606530463405,
      27.243271088103196,
      0.9510565162951536,
      -0.30901699437494745,
      -3.7843667304341506e-17,
      3.976917668840743,
      -0.012363648356168107,
      -0.03805139700520234,
      -0.9991992951284931,
      1097.6586912400562,
      0.0,
      0.0,
      0.0,
      1.0
    ],
    "overlapID": 10,
    "path1": "/cave_1/lmd_root_0/half_0/plane_0/module_1/sensor_0",
    "path2": "/cave_1/lmd_root_0/half_0/plane_0/module_1/sensor_5",
    "pathModule": "/cave_1/lmd_root_0/half_0/plane_0/module_1"
  },
  "100": {
    "id1": 50,
    "id2": 55,
    "matrix1": [
      0.9991992951284931,
      0.0,
      0.04000960653046352,
      30.198102869337127,
      0.0,
      1.0,
      0.0,
      0.98,
      -0.04000960653046352,
      0.0,
      0.9991992951284931,
      1117.0309810699646,
      0.0,
      0.0,
      0.0,
      1.0
    ],
    "matrix2": [
      0.8083692105264196,
      0.5873146097775627,
      -0.040009606530463454,
      29.91593604637307,
      0.5877852522924731,
      -0.8090169943749475,
      -9.907600726170916e-17,
      1.8521969808286807,
      -0.03236845162139987,
      -0.02351705666863096,
      -0.9991992951284931,
      1117.0672995338984,
      0.0,
      0.0,
      0.0,
      1.0
    ],
    "overlapID": 100,
    "path1": "/cave_1/lmd_root_0/half_0/plane_1/module_0/sensor_0",
    "path2": "/cave_1/lmd_root_0/half_0/plane_1/module_0/sensor_5",
    "pathModule": "/cave_1/lmd_root_0/half_0/plane_1/module_0"
  },
  "1000": {
    "id1": 200,
    "id2": 205,
    "matrix1": [
      -0.9991992951284931,
      -1.2236662184894007e-16,
      0.04000960653046352,
      20.42512188583665,
      1.2246467991473532e-16,
      -1.0,
      0.0,
      -0.9799999999999994,
      0.04000960653046352,
      4.899763657267719e-18,
      0.9991992951284931,
      1097.906681273733,
      0.0,
      0.0,
      0.0,
      1.0
    ],
    "matrix2": [
      -0.8083692105264197,
      -0.5873146097775626,
      -0.04000960653046359,
      20.70928918912723,
      -0.587785252292473,
      0.8090169943749476,
      9.907600726170917e-17,
      -1.8521969808286802,
      0.03236845162139987,
      0.0235170566686312,
      -0.9991992951284931,
      1097.9203227745556,
      0.0,
      0.0,
      0.0,
      1.0
    ],
    "overlapID": 1000,
    "path1": "/cave_1/lmd_root_0/half_1/plane_0/module_0/sensor_0",
    "path2": "/cave_1/lmd_root_0/half_1/plane_0/module_0/sensor_5",
    "pathModule": "/cave_1/lmd_root_0/half_1/plane_0/module_0"
  },
  "1001": {
    "id1": 203,
    "id2": 208,
    "matrix1": [
      -0.9991992951284931,
      -1.2236662184894007e-16,
      0.04000960653046352,
      18.426723295579663,
      1.2246467991473532e-16,
      -1.0,
      0.0,
      -2.979999999999999,
      0.04000960653046352,
      4.899763657267719e-18,
      0.9991992951284931,
      1097.986700486794,
      0.0,
      0.0,
      0.0,
      1.0
    ],
    "matrix2": [
      -0.8083692105264197,
      -0.5873146097775626,
      -0.04000960653046359,
      17.917921548519264,
      -0.587785252292473,
      0.8090169943749476,
      9.907600726170917e-17,
      -1.4097334966637312,
      0.03236845162139987,
      0.0235170566686312,
      -0.9991992951284931,
      1098.0320937911356,
      0.0,
      0.0,
      0.0,
      1.0
    ],
    "overlapID": 1001,
    "path1": "/cave_1/lmd_root_0/half_1/plane_0/module_0/sensor_3",
    "path2": "/cave_1/lmd_root_0/half_1/plane_0/module_0/sensor_8",
    "pathModule": "/cave_1/lmd_root_0/half_1/plane_0/module_0"
  },
  "1002": {
    "id1": 204,
    "id2": 209,
    "matrix1": [
      -0.9991992951284931,
      -1.2236662184894007e-16,
      0.04000960653046352,
      16.42832470532268,
      1.2246467991473532e-16,
      -1.0,
      0.0,
      -2.979999999999999,
      0.04000960653046352,
      4.899763657267719e-18,
      0.9991992951284931,
      1098.066719699855,
      0.0,
      0.0,
      0.0,
      1.0
    ],
    "matrix2": [
      -0.8083692105264197,
      -0.5873146097775626,
      -0.04000960653046359,
      16.301183127466427,
      -0.587785252292473,
      0.8090169943749476,
      9.907600726170917e-17,
      -2.5853040012486774,
      0.03236845162139987,
      0.0235170566686312,
      -0.9991992951284931,
      1098.0968306943785,
      0.0,
      0.0,
      0.0,
      1.0
    ],
    "overlapID": 1002,
    "path1": "/cave_1/lmd_root_0/half_1/plane_0/module_0/sensor_4",
    "path2": "/cave_1/lmd_root_0/half_1/plane_0/module_0/sensor_9",
    "pathModule": "/cave_1/lmd_root_0/half_1/plane_0/module_0"
  },
  "1003": {
    "id1": 203,
    "id2": 206,
    "matrix1": [
      -0.9991992951284931,
      -1.2236662184894007e-16,
      0.04000960653046352,
      18.426723295579663,
      1.2246467991473532e-16,
      -1.0,
      0.0,
      -2.979999999999999,
      0.04000960653046352,
      4.899763657267719e-18,
      0.9991992951284931,
      1097.986700486794,
      0.0,
      0.0,
      0.0,
      1.0
    ],
    "matrix2": [
      -0.8083692105264197,
      -0.5873146097775626,
      -0.04000960653046359,
      19.092550768074393,
      -0.587785252292473,
      0.8090169943749476,
      9.907600726170917e-17,
      -3.027767485413626,
      0.03236845162139987,
      0.0235170566686312,
      -0.9991992951284931,
      1097.9850596777985,
      0.0,
      0.0,
      0.0,
      1.0
    ],
    "overlapID": 1003,
    "path1": "/cave_1/lmd_root_0/half_1/plane_0/module_0/sensor_3",
    "path2": "/cave_1/lmd_root_0/half_1/plane_0/module_0/sensor_6",
    "pathModule": "/cave_1/lmd_root_0/half_1/plane_0/module_0"
  },
  "1004": {
    "id1": 201,
    "id2": 208,
    "matrix1": [
      -0.9991992951284931,
      -1.2236662184894007e-16,
      0.04000960653046352,
      18.426723295579663,
      1.2246467991473532e-16,
      -1.0,
      0.0,
      -0.9799999999999992,
      0.04000960653046352,
      4.899763657267719e-18,
      0.9991992951284931,
      1097.986700486794,
      0.0,
      0.0,
      0.0,
      1.0
    ],
    "matrix2": [
      -0.8083692105264197,
      -0.5873146097775626,
      -0.04000960653046359,
      17.917921548519264,
      -0.587785252292473,
      0.8090169943749476,
      9.907600726170917e-17,
      -1.4097334966637312,
      0.03236845162139987,
      0.0235170566686312,
      -0.9991992951284931,
      1098.0320937911356,
      0.0,
      0.0,
      0.0,
      1.0
    ],
    "overlapID": 1004,
    "path1": "/cave_1/lmd_root_0/half_1/plane_0/module_0/sensor_1",
    "path2": "/cave_1/lmd_root_0/half_1/plane_0/module_0/sensor_8",
    "pathModule": "/cave_1/lmd_root_0/half_1/plane_0/module_0"
  },
  "1005": {
    "id1": 202,
    "id2": 208,
    "matrix1": [
      -0.9991992951284931,
      -1.2236662184894007e-16,
      0.04000960653046352,
      16.42832470532268,
      1.2246467991473532e-16,
      -1.0,
      0.0,
      -0.979999999999999,
      0.04000960653046352,
      4.899763657267719e-18,
      0.9991992951284931,
      1098.066719699855,
      0.0,
      0.0,
      0.0,
      1.0
    ],
    "matrix2": [
      -0.8083692105264197,
      -0.5873146097775626,
      -0.04000960653046359,
      17.917921548519264,
      -0.587785252292473,
      0.8090169943749476,
      9.907600726170917e-17,
      -1.4097334966637312,
      0.03236845162139987,
      0.0235170566686312,
      -0.9991992951284931,
      1098.0320937911356,
      0.0,
      0.0,
      0.0,
      1.0
    ],
    "overlapID": 1005,
    "path1": "/cave_1/lmd_root_0/half_1/plane_0/module_0/sensor_2",
    "path2": "/cave_1/lmd_root_0/half_1/plane_0/module_0/sensor_8",
    "pathModule": "/cave_1/lmd_root_0/half_1/plane_0/module_0"
  },
  "1006": {
    "id1": 202,
    "id2": 209,
    "matrix1": [
      -0.9991992951284931,
      -1.2236662184894007e-16,
      0.04000960653046352,
      16.42832470532268,
      1.2246467991473532e-16,
      -1.0,
      0.0,
      -0.979999999999999,
      0.04000960653046352,
      4.899763657267719e-18,
      0.9991992951284931,
      1098.066719699855,
      0.0,
      0.0,
      0.0,
      1.0
    ],
    "matrix2": [
      -0.8083692105264197,
      -0.5873146097775626,
      -0.04000960653046359,
      16.301183127466427,
      -0.587785252292473,
      0.8090169943749476,
      9.907600726170917e-17,
      -2.5853040012486774,
      0.03236845162139987,
      0.0235170566686312,
      -0.9991992951284931,
      1098.0968306943785,
      0.0,
      0.0,
      0.0,
      1.0
    ],
    "overlapID": 1006,
    "path1": "/cave_1/lmd_root_0/half_1/plane_0/module_0/sensor_2",
    "path2": "/cave_1/lmd_root_0/half_1/plane_0/module_0/sensor_9",
    "pathModule": "/cave_1/lmd_root_0/half_1/plane_0/module_0"
  },
  "1007": {
    "id1": 203,
    "id2": 207,
    "matrix1": [
      -0.9991992951284931,
      -1.2236662184894007e-16,
      0.04000960653046352,
      18.426723295579663,
      1.2246467991473532e-16,
      -1.0,
      0.0,
      -2.979999999999999,
      0.04000960653046352,
      4.899763657267719e-18,
      0.9991992951284931,
      1097.986700486794,
      0.0,
      0.0,
      0.0,
      1.0
    ],
    "matrix2": [
      -0.8083692105264197,
      -0.5873146097775626,
      -0.04000960653046359,
      17.47581234702155,
      -0.587785252292473,
      0.8090169943749476,
      9.907600726170917e-17,
      -4.203337989998572,
      0.03236845162139987,
      0.0235170566686312,
      -0.9991992951284931,
      1098.0497965810412,
      0.0,
      0.0,
      0.0,
      1.0
    ],
    "overlapID": 1007,
    "path1": "/cave_1/lmd_root_0/half_1/plane_0/module_0/sensor_3",
    "path2": "/cave_1/lmd_root_0/half_1/plane_0/module_0/sensor_7",
    "pathModule": "/cave_1/lmd_root_0/half_1/plane_0/module_0"
  },
  "1008": {
    "id1": 204,
    "id2": 207,
    "matrix1": [
      -0.9991992951284931,
      -1.2236662184894007e-16,
      0.04000960653046352,
      16.42832470532268,
      1.2246467991473532e-16,
      -1.0,
      0.0,
      -2.979999999999999,
      0.04000960653046352,
      4.899763657267719e-18,
      0.9991992951284931,
      1098.066719699855,
      0.0,
      0.0,
      0.0,
      1.0
    ],
    "matrix2": [
      -0.8083692105264197,
      -0.5873146097775626,
      -0.04000960653046359,
      17.47581234702155,
      -0.587785252292473,
      0.8090169943749476,
      9.907600726170917e-17,
      -4.203337989998572,
      0.03236845162139987,
      0.0235170566686312,
      -0.9991992951284931,
      1098.0497965810412,
      0.0,
      0.0,
      0.0,
      1.0
    ],
    "overlapID": 1008,
    "path1": "/cave_1/lmd_root_0/half_1/plane_0/module_0/sensor_4",
    "path2": "/cave_1/lmd_root_0/half_1/plane_0/module_0/sensor_7",
    "pathModule": "/cave_1/lmd_root_0/half_1/plane_0/module_0"
  },
  "101": {
    "id1": 53,
    "id2": 58,
    "matrix1": [
      0.9991992951284931,
      0.0,
      0.04000960653046352,
      32.19650145959411,
      0.0,
      1.0,
      0.0,
      2.98,
      -0.04000960653046352,
      0.0,
      0.9991992951284931,
      1116.9509618569036,
      0.0,
      0.0,
      0.0,
      1.0
    ],
    "matrix2": [
      0.8083692105264196,
      0.5873146097775627,
      -0.040009606530463454,
      32.70730368698103,
      0.5877852522924731,
      -0.8090169943749475,
      -9.907600726170916e-17,
      1.409733496663732,
      -0.03236845162139987,
      -0.02351705666863096,
      -0.9991992951284931,
      1116.9555285173185,
      0.0,
      0.0,
      0.0,
      1.0
    ],
    "overlapID": 101,
    "path1": "/cave_1/lmd_root_0/half_0/plane_1/module_0/sensor_3",
    "path2": "/cave_1/lmd_root_0/half_0/plane_1/module_0/sensor_8",
    "pathModule": "/cave_1/lmd_root_0/half_0/plane_1/module_0"
  },
  "1010": {
    "id1": 210,
    "id2": 215,
    "matrix1": [
      -0.8083692105264197,
      0.5873146097775626,
      0.04000960653046352,
      21.839420780862763,
      -0.587785252292473,
      -0.8090169943749476,
      0.0,
      -3.4378702898035773,
      0.032368451621399875,
      -0.02351705666863108,
      0.9991992951284931,
      1097.349649713543,
      0.0,
      0.0,
      0.0,
      1.0
    ],
    "matrix2": [
      -0.3087695629621732,
      -0.9502950007094777,
      -0.04000960653046364,
      22.58176201678783,
      -0.9510565162951536,
      0.3090169943749476,
      3.784366730434153e-17,
      -3.976917668840743,
      0.012363648356168115,
      0.03805139700520259,
      -0.9991992951284931,
      1097.3449451658278,
      0.0,
      0.0,
      0.0,
      1.0
    ],
    "overlapID": 1010,
    "path1": "/cave_1/lmd_root_0/half_1/plane_0/module_1/sensor_0",
    "path2": "/cave_1/lmd_root_0/half_1/plane_0/module_1/sensor_5",
    "pathModule": "/cave_1/lmd_root_0/half_1/plane_0/module_1"
  },
  "1011": {
    "id1": 213,
    "id2": 218,
    "matrix1": [
      -0.8083692105264197,
      0.5873146097775626,
      0.04000960653046352,
      21.39731157936505,
      -0.587785252292473,
      -0.8090169943749476,
      0.0,
      -6.2314747831384185,
      0.032368451621399875,
      -0.02351705666863108,
      0.9991992951284931,
      1097.3673525034485,
      0.0,
      0.0,
      0.0,
      1.0
    ],
    "matrix2": [
      -0.3087695629621732,
      -0.9502950007094777,
      -0.04000960653046364,
      20.06363288944453,
      -0.9510565162951536,
      0.3090169943749476,
      3.784366730434153e-17,
      -5.2609967126811545,
      0.012363648356168115,
      0.03805139700520259,
      -0.9991992951284931,
      1097.4457752565506,
      0.0,
      0.0,
      0.0,
      1.0
    ],
    "overlapID": 1011,
    "path1": "/cave_1/lmd_root_0/half_1/plane_0/module_1/sensor_3",
    "path2": "/cave_1/lmd_root_0/half_1/plane_0/module_1/sensor_8",
    "pathModule": "/cave_1/lmd_root_0/half_1/plane_0/module_1"
  },
  "1012": {
    "id1": 214,
    "id2": 219,
    "matrix1": [
      -0.8083692105264197,
      0.5873146097775626,
      0.04000960653046352,
      19.780573158312208,
      -0.587785252292473,
      -0.8090169943749476,
      0.0,
      -7.407045287723364,
      0.032368451621399875,
      -0.02351705666863108,
      0.9991992951284931,
      1097.4320894066914,
      0.0,
      0.0,
      0.0,
      1.0
    ],
    "matrix2": [
      -0.3087695629621732,
      -0.9502950007094777,
      -0.04000960653046364,
      19.446093763520185,
      -0.9510565162951536,
      0.3090169943749476,
      3.784366730434153e-17,
      -7.163109745271462,
      0.012363648356168115,
      0.03805139700520259,
      -0.9991992951284931,
      1097.470502553263,
      0.0,
      0.0,
      0.0,
      1.0
    ],
    "overlapID": 1012,
    "path1": "/cave_1/lmd_root_0/half_1/plane_0/module_1/sensor_4",
    "path2": "/cave_1/lmd_root_0/half_1/plane_0/module_1/sensor_9",
    "pathModule": "/cave_1/lmd_root_0/half_1/plane_0/module_1"
  },
  "1013": {
    "id1": 213,
    "id2": 216,
    "matrix1": [
      -0.8083692105264197,
      0.5873146097775626,
      0.04000960653046352,
      21.39731157936505,
      -0.587785252292473,
      -0.8090169943749476,
      0.0,
      -6.2314747831384185,
      0.032368451621399875,
      -0.02351705666863108,
      0.9991992951284931,
      1097.3673525034485,
      0.0,
      0.0,
      0.0,
      1.0
    ],
    "matrix2": [
      -0.3087695629621732,
      -0.9502950007094777,
      -0.04000960653046364,
      21.964222890863486,
      -0.9510565162951536,
      0.3090169943749476,
      3.784366730434153e-17,
      -5.8790307014310494,
      0.012363648356168115,
      0.03805139700520259,
      -0.9991992951284931,
      1097.3696724625402,
      0.0,
      0.0,
      0.0,
      1.0
    ],
    "overlapID": 1013,
    "path1": "/cave_1/lmd_root_0/half_1/plane_0/module_1/sensor_3",
    "path2": "/cave_1/lmd_root_0/half_1/plane_0/module_1/sensor_6",
    "pathModule": "/cave_1/lmd_root_0/half_1/plane_0/module_1"
  },
  "1014": {
    "id1": 211,
    "id2": 218,
    "matrix1": [
      -0.8083692105264197,
      0.5873146097775626,
      0.04000960653046352,
      20.222682359809923,
      -0.587785252292473,
      -0.8090169943749476,
      0.0,
      -4.613440794388524,
      0.032368451621399875,
      -0.02351705666863108,
      0.9991992951284931,
      1097.4143866167858,
      0.0,
      0.0,
      0.0,
      1.0
    ],
    "matrix2": [
      -0.3087695629621732,
      -0.9502950007094777,
      -0.04000960653046364,
      20.06363288944453,
      -0.9510565162951536,
      0.3090169943749476,
      3.784366730434153e-17,
      -5.2609967126811545,
      0.012363648356168115,
      0.03805139700520259,
      -0.9991992951284931,
      1097.4457752565506,
      0.0,
      0.0,
      0.0,
      1.0
    ],
    "overlapID": 1014,
    "path1": "/cave_1/lmd_root_0/half_1/plane_0/module_1/sensor_1",
    "path2": "/cave_1/lmd_root_0/half_1/plane_0/module_1/sensor_8",
    "pathModule": "/cave_1/lmd_root_0/half_1/plane_0/module_1"
  },
  "1015": {
    "id1": 212,
    "id2": 218,
    "matrix1": [
      -0.8083692105264197,
      0.5873146097775626,
      0.04000960653046352,
      18.605943938757083,
      -0.587785252292473,
      -0.8090169943749476,
      0.0,
      -5.7890112989734694,
      0.032368451621399875,
      -0.02351705666863108,
      0.9991992951284931,
      1097.4791235200285,
      0.0,
      0.0,
      0.0,
      1.0
    ],
    "matrix2": [
      -0.3087695629621732,
      -0.9502950007094777,
      -0.04000960653046364,
      20.06363288944453,
      -0.9510565162951536,
      0.3090169943749476,
      3.784366730434153e-17,
      -5.2609967126811545,
      0.012363648356168115,
      0.03805139700520259,
      -0.9991992951284931,
      1097.4457752565506,
      0.0,
      0.0,
      0.0,
      1.0
    ],
    "overlapID": 1015,
    "path1": "/cave_1/lmd_root_0/half_1/plane_0/module_1/sensor_2",
    "path2": "/cave_1/lmd_root_0/half_1/plane_0/module_1/sensor_8",
    "pathModule": "/cave_1/lmd_root_0/half_1/plane_0/module_1"
  },
  "1016": {
    "id1": 212,
    "id2": 219,
    "matrix1": [
      -0.8083692105264197,
      0.5873146097775626,
      0.04000960653046352,
      18.605943938757083,
      -0.587785252292473,
      -0.8090169943749476,
      0.0,
      -5.7890112989734694,
      0.032368451621399875,
      -0.02351705666863108,
      0.9991992951284931,
      1097.4791235200285,
      0.0,
      0.0,
      0.0,
      1.0
    ],
    "matrix2": [
      -0.3087695629621732,
      -0.9502950007094777,
      -0.04000960653046364,
      19.446093763520185,
      -0.9510565162951536,
      0.3090169943749476,
      3.784366730434153e-17,
      -7.163109745271462,
      0.012363648356168115,
      0.03805139700520259,
      -0.9991992951284931,
      1097.470502553263,
      0.0,
      0.0,
      0.0,
      1.0
    ],
    "overlapID": 1016,
    "path1": "/cave_1/lmd_root_0/half_1/plane_0/module_1/sensor_2",
    "path2": "/cave_1/lmd_root_0/half_1/plane_0/module_1/sensor_9",
    "pathModule": "/cave_1/lmd_root_0/half_1/plane_0/module_1"
  },
  "1017": {
    "id1": 213,
    "id2": 217,
    "matrix1": [
      -0.8083692105264197,
      0.5873146097775626,
      0.04000960653046352,
      21.39731157936505,
      -0.587785252292473,
      -0.8090169943749476,
      0.0,
      -6.2314747831384185,
      0.032368451621399875,
      -0.02351705666863108,
      0.9991992951284931,
      1097.3673525034485,
      0.0,
      0.0,
      0.0,
      1.0
    ],
    "matrix2": [
      -0.3087695629621732,
      -0.9502950007094777,
      -0.04000960653046364,
      21.34668376493914,
      -0.9510565162951536,
      0.3090169943749476,
      3.784366730434153e-17,
      -7.781143734021357,
      0.012363648356168115,
      0.03805139700520259,
      -0.9991992951284931,
      1097.3943997592526,
      0.0,
      0.0,
      0.0,
      1.0
    ],
    "overlapID": 1017,
    "path1": "/cave_1/lmd_root_0/half_1/plane_0/module_1/sensor_3",
    "path2": "/cave_1/lmd_root_0/half_1/plane_0/module_1/sensor_7",
    "pathModule": "/cave_1/lmd_root_0/half_1/plane_0/module_1"
  },
  "1018": {
    "id1": 214,
    "id2": 217,
    "matrix1": [
      -0.8083692105264197,
      0.5873146097775626,
      0.04000960653046352,
      19.780573158312208,
      -0.587785252292473,
      -0.8090169943749476,
      0.0,
      -7.407045287723364,
      0.032368451621399875,
      -0.02351705666863108,
      0.9991992951284931,
      1097.4320894066914,
      0.0,
      0.0,
      0.0,
      1.0
    ],
    "matrix2": [
      -0.3087695629621732,
      -0.9502950007094777,
      -0.04000960653046364,
      21.34668376493914,
      -0.9510565162951536,
      0.3090169943749476,
      3.784366730434153e-17,
      -7.781143734021357,
      0.012363648356168115,
      0.03805139700520259,
      -0.9991992951284931,
      1097.3943997592526,
      0.0,
      0.0,
      0.0,
      1.0
    ],
    "overlapID": 1018,
    "path1": "/cave_1/lmd_root_0/half_1/plane_0/module_1/sensor_4",
    "path2": "/cave_1/lmd_root_0/half_1/plane_0/module_1/sensor_7",
    "pathModule": "/cave_1/lmd_root_0/half_1/plane_0/module_1"
  },
  "102": {
    "id1": 54,
    "id2": 59,
    "matrix1": [
      0.9991992951284931,
      0.0,
      0.04000960653046352,
      34.1949000498511,
      0.0,
      1.0,
      0.0,
      2.98,
      -0.04000960653046352,
      0.0,
      0.9991992951284931,
      1116.8709426438427,
      0.0,
      0.0,
      0.0,
      1.0
    ],
    "matrix2": [
      0.8083692105264196,
      0.5873146097775627,
      -0.040009606530463454,
      34.32404210803387,
      0.5877852522924731,
      -0.8090169943749475,
      -9.907600726170916e-17,
      2.5853040012486783,
      -0.03236845162139987,
      -0.02351705666863096,
      -0.9991992951284931,
      1116.8907916140756,
      0.0,
      0.0,
      0.0,
      1.0
    ],
    "overlapID": 102,
    "path1": "/cave_1/lmd_root_0/half_0/plane_1/module_0/sensor_4",
    "path2": "/cave_1/lmd_root_0/half_0/plane_1/module_0/sensor_9",
    "pathModule": "/cave_1/lmd_root_0/half_0/plane_1/module_0"
  },
  "1020": {
    "id1": 220,
    "id2": 225,
    "matrix1": [
      -0.3087695629621731,
      0.9502950007094777,
      0.04000960653046352,
      24.46334478128038,
      -0.9510565162951535,
      -0.30901699437494756,
      0.0,
      -4.582590977815639,
      0.012363648356168112,
      -0.038051397005202464,
      0.9991992951284931,
      1097.7449840928837,
      0.0,
      0.0,
      0.0,
      1.0
    ],
    "matrix2": [
      0.30876956296217284,
      -0.9502950007094778,
      -0.04000960653046364,
      25.38069288671262,
      -0.9510565162951536,
      -0.30901699437494734,
      -3.784366730434148e-17,
      -4.58259097781564,
      -0.012363648356168102,
      0.03805139700520259,
      -0.9991992951284931,
      1097.7332719781864,
      0.0,
      0.0,
      0.0,
      1.0
    ],
    "overlapID": 1020,
    "path1": "/cave_1/lmd_root_0/half_1/plane_0/module_2/sensor_0",
    "path2": "/cave_1/lmd_root_0/half_1/plane_0/module_2/sensor_5",
    "pathModule": "/cave_1/lmd_root_0/half_1/plane_0/module_2"
  },
  "1021": {
    "id1": 223,
    "id2": 228,
    "matrix1": [
      -0.3087695629621731,
      0.9502950007094777,
      0.04000960653046352,
      25.746395656774986,
      -0.9510565162951535,
      -0.30901699437494756,
      0.0,
      -7.102737999155841,
      0.012363648356168112,
      -0.038051397005202464,
      0.9991992951284931,
      1097.6936085955856,
      0.0,
      0.0,
      0.0,
      1.0
    ],
    "matrix2": [
      0.30876956296217284,
      -0.9502950007094778,
      -0.04000960653046364,
      24.09764201121801,
      -0.9510565162951536,
      -0.30901699437494734,
      -3.784366730434148e-17,
      -7.102737999155841,
      -0.012363648356168102,
      0.03805139700520259,
      -0.9991992951284931,
      1097.7846474754845,
      0.0,
      0.0,
      0.0,
      1.0
    ],
    "overlapID": 1021,
    "path1": "/cave_1/lmd_root_0/half_1/plane_0/module_2/sensor_3",
    "path2": "/cave_1/lmd_root_0/half_1/plane_0/module_2/sensor_8",
    "pathModule": "/cave_1/lmd_root_0/half_1/plane_0/module_2"
  },
  "1022": {
    "id1": 224,
    "id2": 229,
    "matrix1": [
      -0.3087695629621731,
      0.9502950007094777,
      0.04000960653046352,
      25.12885653085064,
      -0.9510565162951535,
      -0.30901699437494756,
      0.0,
      -9.00485103174615,
      0.012363648356168112,
      -0.038051397005202464,
      0.9991992951284931,
      1097.718335892298,
      0.0,
      0.0,
      0.0,
      1.0
    ],
    "matrix2": [
      0.30876956296217284,
      -0.9502950007094778,
      -0.04000960653046364,
      24.715181137142356,
      -0.9510565162951536,
      -0.30901699437494734,
      -3.784366730434148e-17,
      -9.00485103174615,
      -0.012363648356168102,
      0.03805139700520259,
      -0.9991992951284931,
      1097.759920178772,
      0.0,
      0.0,
      0.0,
      1.0
    ],
    "overlapID": 1022,
    "path1": "/cave_1/lmd_root_0/half_1/plane_0/module_2/sensor_4",
    "path2": "/cave_1/lmd_root_0/half_1/plane_0/module_2/sensor_9",
    "pathModule": "/cave_1/lmd_root_0/half_1/plane_0/module_2"
  },
  "1023": {
    "id1": 223,
    "id2": 226,
    "matrix1": [
      -0.3087695629621731,
      0.9502950007094777,
      0.04000960653046352,
      25.746395656774986,
      -0.9510565162951535,
      -0.30901699437494756,
      0.0,
      -7.102737999155841,
      0.012363648356168112,
      -0.038051397005202464,
      0.9991992951284931,
      1097.6936085955856,
      0.0,
      0.0,
      0.0,
      1.0
    ],
    "matrix2": [
      0.30876956296217284,
      -0.9502950007094778,
      -0.04000960653046364,
      25.998232012636965,
      -0.9510565162951536,
      -0.30901699437494734,
      -3.784366730434148e-17,
      -6.484704010405947,
      -0.012363648356168102,
      0.03805139700520259,
      -0.9991992951284931,
      1097.708544681474,
      0.0,
      0.0,
      0.0,
      1.0
    ],
    "overlapID": 1023,
    "path1": "/cave_1/lmd_root_0/half_1/plane_0/module_2/sensor_3",
    "path2": "/cave_1/lmd_root_0/half_1/plane_0/module_2/sensor_6",
    "pathModule": "/cave_1/lmd_root_0/half_1/plane_0/module_2"
  },
  "1024": {
    "id1": 221,
    "id2": 228,
    "matrix1": [
      -0.3087695629621731,
      0.9502950007094777,
      0.04000960653046352,
      23.84580565535603,
      -0.9510565162951535,
      -0.30901699437494756,
      0.0,
      -6.484704010405946,
      0.012363648356168112,
      -0.038051397005202464,
      0.9991992951284931,
      1097.769711389596,
      0.0,
      0.0,
      0.0,
      1.0
    ],
    "matrix2": [
      0.30876956296217284,
      -0.9502950007094778,
      -0.04000960653046364,
      24.09764201121801,
      -0.9510565162951536,
      -0.30901699437494734,
      -3.784366730434148e-17,
      -7.102737999155841,
      -0.012363648356168102,
      0.03805139700520259,
      -0.9991992951284931,
      1097.7846474754845,
      0.0,
      0.0,
      0.0,
      1.0
    ],
    "overlapID": 1024,
    "path1": "/cave_1/lmd_root_0/half_1/plane_0/module_2/sensor_1",
    "path2": "/cave_1/lmd_root_0/half_1/plane_0/module_2/sensor_8",
    "pathModule": "/cave_1/lmd_root_0/half_1/plane_0/module_2"
  },
  "1025": {
    "id1": 222,
    "id2": 228,
    "matrix1": [
      -0.3087695629621731,
      0.9502950007094777,
      0.04000960653046352,
      23.228266529431686,
      -0.9510565162951535,
      -0.30901699437494756,
      0.0,
      -8.386817042996254,
      0.012363648356168112,
      -0.038051397005202464,
      0.9991992951284931,
      1097.7944386863082,
      0.0,
      0.0,
      0.0,
      1.0
    ],
    "matrix2": [
      0.30876956296217284,
      -0.9502950007094778,
      -0.04000960653046364,
      24.09764201121801,
      -0.9510565162951536,
      -0.30901699437494734,
      -3.784366730434148e-17,
      -7.102737999155841,
      -0.012363648356168102,
      0.03805139700520259,
      -0.9991992951284931,
      1097.7846474754845,
      0.0,
      0.0,
      0.0,
      1.0
    ],
    "overlapID": 1025,
    "path1": "/cave_1/lmd_root_0/half_1/plane_0/module_2/sensor_2",
    "path2": "/cave_1/lmd_root_0/half_1/plane_0/module_2/sensor_8",
    "pathModule": "/cave_1/lmd_root_0/half_1/plane_0/module_2"
  },
  "1026": {
    "id1": 222,
    "id2": 229,
    "matrix1": [
      -0.3087695629621731,
      0.9502950007094777,
      0.04000960653046352,
      23.228266529431686,
      -0.9510565162951535,
      -0.30901699437494756,
      0.0,
      -8.386817042996254,
      0.012363648356168112,
      -0.038051397005202464,
      0.9991992951284931,
      1097.7944386863082,
      0.0,
      0.0,
      0.0,
      1.0
    ],
    "matrix2": [
      0.30876956296217284,
      -0.9502950007094778,
      -0.04000960653046364,
      24.715181137142356,
      -0.9510565162951536,
      -0.30901699437494734,
      -3.784366730434148e-17,
      -9.00485103174615,
      -0.012363648356168102,
      0.03805139700520259,
      -0.9991992951284931,
      1097.759920178772,
      0.0,
      0.0,
      0.0,
      1.0
    ],
    "overlapID": 1026,
    "path1": "/cave_1/lmd_root_0/half_1/plane_0/module_2/sensor_2",
    "path2": "/cave_1/lmd_root_0/half_1/plane_0/module_2/sensor_9",
    "pathModule": "/cave_1/lmd_root_0/half_1/plane_0/module_2"
  },
  "1027": {
    "id1": 223,
    "id2": 227,
    "matrix1": [
      -0.3087695629621731,
      0.9502950007094777,
      0.04000960653046352,
      25.746395656774986,
      -0.9510565162951535,
      -0.30901699437494756,
      0.0,
      -7.102737999155841,
      0.012363648356168112,
      -0.038051397005202464,
      0.9991992951284931,
      1097.6936085955856,
      0.0,
      0.0,
      0.0,
      1.0
    ],
    "matrix2": [
      0.30876956296217284,
      -0.9502950007094778,
      -0.04000960653046364,
      26.61577113856131,
      -0.9510565162951536,
      -0.30901699437494734,
      -3.784366730434148e-17,
      -8.386817042996254,
      -0.012363648356168102,
      0.03805139700520259,
      -0.9991992951284931,
      1097.6838173847618,
      0.0,
      0.0,
      0.0,
      1.0
    ],
    "overlapID": 1027,
    "path1": "/cave_1/lmd_root_0/half_1/plane_0/module_2/sensor_3",
    "path2": "/cave_1/lmd_root_0/half_1/plane_0/module_2/sensor_7",
    "pathModule": "/cave_1/lmd_root_0/half_1/plane_0/module_2"
  },
  "1028": {
    "id1": 224,
    "id2": 227,
    "matrix1": [
      -0.3087695629621731,
      0.9502950007094777,
      0.04000960653046352,
      25.12885653085064,
      -0.9510565162951535,
      -0.30901699437494756,
      0.0,
      -9.00485103174615,
      0.012363648356168112,
      -0.038051397005202464,
      0.9991992951284931,
      1097.718335892298,
      0.0,
      0.0,
      0.0,
      1.0
    ],
    "matrix2": [
      0.30876956296217284,
      -0.9502950007094778,
      -0.04000960653046364,
      26.61577113856131,
      -0.9510565162951536,
      -0.30901699437494734,
      -3.784366730434148e-17,
      -8.386817042996254,
      -0.012363648356168102,
      0.03805139700520259,
      -0.9991992951284931,
      1097.6838173847618,
      0.0,
      0.0,
      0.0,
      1.0
    ],
    "overlapID": 1028,
    "path1": "/cave_1/lmd_root_0/half_1/plane_0/module_2/sensor_4",
    "path2": "/cave_1/lmd_root_0/half_1/plane_0/module_2/sensor_7",
    "pathModule": "/cave_1/lmd_root_0/half_1/plane_0/module_2"
  },
  "103": {
    "id1": 53,
    "id2": 56,
    "matrix1": [
      0.9991992951284931,
      0.0,
      0.04000960653046352,
      32.19650145959411,
      0.0,
      1.0,
      0.0,
      2.98,
      -0.04000960653046352,
      0.0,
      0.9991992951284931,
      1116.9509618569036,
      0.0,
      0.0,
      0.0,
      1.0
    ],
    "matrix2": [
      0.8083692105264196,
      0.5873146097775627,
      -0.040009606530463454,
      31.53267446742591,
      0.5877852522924731,
      -0.8090169943749475,
      -9.907600726170916e-17,
      3.027767485413627,
      -0.03236845162139987,
      -0.02351705666863096,
      -0.9991992951284931,
      1117.0025626306556,
      0.0,
      0.0,
      0.0,
      1.0
    ],
    "overlapID": 103,
    "path1": "/cave_1/lmd_root_0/half_0/plane_1/module_0/sensor_3",
    "path2": "/cave_1/lmd_root_0/half_0/plane_1/module_0/sensor_6",
    "pathModule": "/cave_1/lmd_root_0/half_0/plane_1/module_0"
  },
  "1030": {
    "id1": 230,
    "id2": 235,
    "matrix1": [
      0.3087695629621728,
      0.9502950007094778,
      0.04000960653046352,
      27.222266044674704,
      -0.9510565162951536,
      0.30901699437494723,
      0.0,
      -3.976917668840743,
      -0.012363648356168098,
      -0.038051397005202464,
      0.9991992951284931,
      1097.1341116101141,
      0.0,
      0.0,
      0.0,
      1.0
    ],
    "matrix2": [
      0.8083692105264195,
      -0.5873146097775628,
      -0.04000960653046359,
      27.964607280599775,
      -0.5877852522924732,
      -0.8090169943749473,
      -9.907600726170915e-17,
      -3.437870289803578,
      -0.03236845162139986,
      0.023517056668631207,
      -0.9991992951284931,
      1097.129407062399,
      0.0,
      0.0,
      0.0,
      1.0
    ],
    "overlapID": 1030,
    "path1": "/cave_1/lmd_root_0/half_1/plane_0/module_3/sensor_0",
    "path2": "/cave_1/lmd_root_0/half_1/plane_0/module_3/sensor_5",
    "pathModule": "/cave_1/lmd_root_0/half_1/plane_0/module_3"
  },
  "1031": {
    "id1": 233,
    "id2": 238,
    "matrix1": [
      0.3087695629621728,
      0.9502950007094778,
      0.04000960653046352,
      29.740395172018008,
      -0.9510565162951536,
      0.30901699437494723,
      0.0,
      -5.260996712681156,
      -0.012363648356168098,
      -0.038051397005202464,
      0.9991992951284931,
      1097.0332815193913,
      0.0,
      0.0,
      0.0,
      1.0
    ],
    "matrix2": [
      0.8083692105264195,
      -0.5873146097775628,
      -0.04000960653046359,
      28.406716482097487,
      -0.5877852522924732,
      -0.8090169943749473,
      -9.907600726170915e-17,
      -6.231474783138419,
      -0.03236845162139986,
      0.023517056668631207,
      -0.9991992951284931,
      1097.1117042724934,
      0.0,
      0.0,
      0.0,
      1.0
    ],
    "overlapID": 1031,
    "path1": "/cave_1/lmd_root_0/half_1/plane_0/module_3/sensor_3",
    "path2": "/cave_1/lmd_root_0/half_1/plane_0/module_3/sensor_8",
    "pathModule": "/cave_1/lmd_root_0/half_1/plane_0/module_3"
  },
  "1032": {
    "id1": 234,
    "id2": 239,
    "matrix1": [
      0.3087695629621728,
      0.9502950007094778,
      0.04000960653046352,
      30.357934297942354,
      -0.9510565162951536,
      0.30901699437494723,
      0.0,
      -7.163109745271464,
      -0.012363648356168098,
      -0.038051397005202464,
      0.9991992951284931,
      1097.0085542226789,
      0.0,
      0.0,
      0.0,
      1.0
    ],
    "matrix2": [
      0.8083692105264195,
      -0.5873146097775628,
      -0.04000960653046359,
      30.023454903150327,
      -0.5877852522924732,
      -0.8090169943749473,
      -9.907600726170915e-17,
      -7.407045287723367,
      -0.03236845162139986,
      0.023517056668631207,
      -0.9991992951284931,
      1097.0469673692505,
      0.0,
      0.0,
      0.0,
      1.0
    ],
    "overlapID": 1032,
    "path1": "/cave_1/lmd_root_0/half_1/plane_0/module_3/sensor_4",
    "path2": "/cave_1/lmd_root_0/half_1/plane_0/module_3/sensor_9",
    "pathModule": "/cave_1/lmd_root_0/half_1/plane_0/module_3"
  },
  "1033": {
    "id1": 233,
    "id2": 236,
    "matrix1": [
      0.3087695629621728,
      0.9502950007094778,
      0.04000960653046352,
      29.740395172018008,
      -0.9510565162951536,
      0.30901699437494723,
      0.0,
      -5.260996712681156,
      -0.012363648356168098,
      -0.038051397005202464,
      0.9991992951284931,
      1097.0332815193913,
      0.0,
      0.0,
      0.0,
      1.0
    ],
    "matrix2": [
      0.8083692105264195,
      -0.5873146097775628,
      -0.04000960653046359,
      29.581345701652612,
      -0.5877852522924732,
      -0.8090169943749473,
      -9.907600726170915e-17,
      -4.6134407943885245,
      -0.03236845162139986,
      0.023517056668631207,
      -0.9991992951284931,
      1097.064670159156,
      0.0,
      0.0,
      0.0,
      1.0
    ],
    "overlapID": 1033,
    "path1": "/cave_1/lmd_root_0/half_1/plane_0/module_3/sensor_3",
    "path2": "/cave_1/lmd_root_0/half_1/plane_0/module_3/sensor_6",
    "pathModule": "/cave_1/lmd_root_0/half_1/plane_0/module_3"
  },
  "1034": {
    "id1": 231,
    "id2": 238,
    "matrix1": [
      0.3087695629621728,
      0.9502950007094778,
      0.04000960653046352,
      27.83980517059905,
      -0.9510565162951536,
      0.30901699437494723,
      0.0,
      -5.87903070143105,
      -0.012363648356168098,
      -0.038051397005202464,
      0.9991992951284931,
      1097.1093843134017,
      0.0,
      0.0,
      0.0,
      1.0
    ],
    "matrix2": [
      0.8083692105264195,
      -0.5873146097775628,
      -0.04000960653046359,
      28.406716482097487,
      -0.5877852522924732,
      -0.8090169943749473,
      -9.907600726170915e-17,
      -6.231474783138419,
      -0.03236845162139986,
      0.023517056668631207,
      -0.9991992951284931,
      1097.1117042724934,
      0.0,
      0.0,
      0.0,
      1.0
    ],
    "overlapID": 1034,
    "path1": "/cave_1/lmd_root_0/half_1/plane_0/module_3/sensor_1",
    "path2": "/cave_1/lmd_root_0/half_1/plane_0/module_3/sensor_8",
    "pathModule": "/cave_1/lmd_root_0/half_1/plane_0/module_3"
  },
  "1035": {
    "id1": 232,
    "id2": 238,
    "matrix1": [
      0.3087695629621728,
      0.9502950007094778,
      0.04000960653046352,
      28.457344296523395,
      -0.9510565162951536,
      0.30901699437494723,
      0.0,
      -7.781143734021358,
