{
  "/cave_1/lmd_root_0": [
    0.9991992951284931,
    0.0,
    0.04000960653046352,
    25.378128348443788,
    0.0,
    1.0,
    0.0,
    0.0,
    -0.04000960653046352,
    0.0,
    0.9991992951284931,
    1109.13,
    0.0,
    0.0,
    0.0,
    1.0
  ],
  "/cave_1/lmd_root_0/half_0": [
    0.9991992951284931,
    0.0,
    0.04000960653046352,
    25.378128348443788,
    0.0,
    1.0,
    0.0,
    0.0,
    -0.04000960653046352,
    0.0,
    0.9991992951284931,
    1109.13,
    0.0,
    0.0,
    0.0,
    1.0
  ],
  "/cave_1/lmd_root_0/half_0/plane_0": [
    0.9991992951284931,
    0.0,
    0.04000960653046352,
    24.912016432363885,
    0.0,
    1.0,
    0.0,
    0.0,
    -0.04000960653046352,
    0.0,
    0.9991992951284931,
    1097.489328211753,
    0.0,
    0.0,
    0.0,
    1.0
  ],
  "/cave_1/lmd_root_0/half_0/plane_0/module_0": [
    0.9991992951284931,
    0.0,
    0.04000960653046352,
    31.601593785733087,
    0.0,
    1.0,
    0.0,
    2.178569810343379,
    -0.04000960653046352,
    0.0,
    0.9991992951284931,
    1096.9712660390842,
    0.0,
    0.0,
    0.0,
    1.0
  ],
  "/cave_1/lmd_root_0/half_0/plane_0/module_0/sensor_0": [
    0.9991992951284931,
    0.0,
    0.04000960653046352,
    29.39791073872786,
    0.0,
    1.0,
    0.0,
    1.0,
    -0.04000960653046352,
    0.0,
    0.9991992951284931,
    1097.0469951673947,
    0.0,
    0.0,
    0.0,
    1.0
  ],
  "/cave_1/lmd_root_0/half_0/plane_0/module_0/sensor_1": [
    0.9991992951284931,
    0.0,
    0.04000960653046352,
    31.396309328984845,
    0.0,
    1.0,
    0.0,
    1.0,
    -0.04000960653046352,
    0.0,
    0.9991992951284931,
    1096.9669759543337,
    0.0,
    0.0,
    0.0,
    1.0
  ],
  "/cave_1/lmd_root_0/half_0/plane_0/module_0/sensor_2": [
    0.9991992951284931,
    0.0,
    0.04000960653046352,
    33.39470791924183,
    0.0,
    1.0,
    0.0,
    1.0,
    -0.04000960653046352,
    0.0,
    0.9991992951284931,
    1096.8869567412728,
    0.0,
    0.0,
    0.0,
    1.0
  ],
  "/cave_1/lmd_root_0/half_0/plane_0/module_0/sensor_3": [
    0.9991992951284931,
    0.0,
    0.04000960653046352,
    31.396309328984845,
    0.0,
    1.0,
    0.0,
    3.0,
    -0.04000960653046352,
    0.0,
    0.9991992951284931,
    1096.9669759543337,
    0.0,
    0.0,
    0.0,
    1.0
  ],
  "/cave_1/lmd_root_0/half_0/plane_0/module_0/sensor_4": [
    0.9991992951284931,
    0.0,
    0.04000960653046352,
    33.39470791924183,
    0.0,
    1.0,
    0.0,
    3.0,
    -0.04000960653046352,
    0.0,
    0.9991992951284931,
    1096.8869567412728,
    0.0,
    0.0,
    0.0,
    1.0
  ],
  "/cave_1/lmd_root_0/half_0/plane_0/module_0/sensor_5": [
    0.8083692105264196,
    0.5873146097775627,
    -0.040009606530463454,
    29.12749020795935,
    0.5877852522924731,
    -0.8090169943749475,
    -9.907600726170916e-17,
    1.8360166409411818,
    -0.03236845162139987,
    -0.02351705666863096,
    -0.9991992951284931,
    1097.0828432901951,
    0.0,
    0.0,
    0.0,
    1.0
  ],
  "/cave_1/lmd_root_0/half_0/plane_0/module_0/sensor_6": [
    0.8083692105264196,
    0.5873146097775627,
    -0.040009606530463454,
    30.74422862901219,
    0.5877852522924731,
    -0.8090169943749475,
    -9.907600726170916e-17,
    3.011587145526128,
    -0.03236845162139987,
    -0.02351705666863096,
    -0.9991992951284931,
    1097.0181063869522,
    0.0,
    0.0,
    0.0,
    1.0
  ],
  "/cave_1/lmd_root_0/half_0/plane_0/module_0/sensor_7": [
    0.8083692105264196,
    0.5873146097775627,
    -0.040009606530463454,
    32.36096705006503,
    0.5877852522924731,
    -0.8090169943749475,
    -9.907600726170916e-17,
    4.187157650111074,
    -0.03236845162139987,
    -0.02351705666863096,
    -0.9991992951284931,
    1096.9533694837094,
    0.0,
    0.0,
    0.0,
    1.0
  ],
  "/cave_1/lmd_root_0/half_0/plane_0/module_0/sensor_8": [
    0.8083692105264196,
    0.5873146097775627,
    -0.040009606530463454,
    31.918857848567317,
    0.5877852522924731,
    -0.8090169943749475,
    -9.907600726170916e-17,
    1.3935531567762331,
    -0.03236845162139987,
    -0.02351705666863096,
    -0.9991992951284931,
    1096.971072273615,
    0.0,
    0.0,
    0.0,
    1.0
  ],
  "/cave_1/lmd_root_0/half_0/plane_0/module_0/sensor_9": [
    0.8083692105264196,
    0.5873146097775627,
    -0.040009606530463454,
    33.53559626962016,
    0.5877852522924731,
    -0.8090169943749475,
    -9.907600726170916e-17,
    2.5691236613611794,
    -0.03236845162139987,
    -0.02351705666863096,
    -0.9991992951284931,
    1096.9063353703723,
    0.0,
    0.0,
    0.0,
    1.0
  ],
  "/cave_1/lmd_root_0/half_0/plane_0/module_1": [
    0.8083692105264196,
    -0.5873146097775627,
    0.04000960653046352,
    29.062586832928318,
    0.5877852522924731,
    0.8090169943749475,
    0.0,
    5.703569810343379,
    -0.03236845162139987,
    0.023517056668631083,
    0.9991992951284931,
    1097.5733327860212,
    0.0,
    0.0,
    0.0,
    1.0
  ],
  "/cave_1/lmd_root_0/half_0/plane_0/module_1/sensor_0": [
    0.8083692105264196,
    -0.5873146097775627,
    0.04000960653046352,
    27.971865551506195,
    0.5877852522924731,
    0.8090169943749475,
    0.0,
    3.4540506296910767,
    -0.03236845162139987,
    0.023517056668631083,
    0.9991992951284931,
    1097.6044970687183,
    0.0,
    0.0,
    0.0,
    1.0
  ],
  "/cave_1/lmd_root_0/half_0/plane_0/module_1/sensor_1": [
    0.8083692105264196,
    -0.5873146097775627,
    0.04000960653046352,
    29.588603972559035,
    0.5877852522924731,
    0.8090169943749475,
    0.0,
    4.629621134276023,
    -0.03236845162139987,
    0.023517056668631083,
    0.9991992951284931,
    1097.5397601654754,
    0.0,
    0.0,
    0.0,
    1.0
  ],
  "/cave_1/lmd_root_0/half_0/plane_0/module_1/sensor_2": [
    0.8083692105264196,
    -0.5873146097775627,
    0.04000960653046352,
    31.205342393611875,
    0.5877852522924731,
    0.8090169943749475,
    0.0,
    5.805191638860969,
    -0.03236845162139987,
    0.023517056668631083,
    0.9991992951284931,
    1097.4750232622328,
    0.0,
    0.0,
    0.0,
    1.0
  ],
  "/cave_1/lmd_root_0/half_0/plane_0/module_1/sensor_3": [
    0.8083692105264196,
    -0.5873146097775627,
    0.04000960653046352,
    28.41397475300391,
    0.5877852522924731,
    0.8090169943749475,
    0.0,
    6.247655123025918,
    -0.03236845162139987,
    0.023517056668631083,
    0.9991992951284931,
    1097.5867942788127,
    0.0,
    0.0,
    0.0,
    1.0
  ],
  "/cave_1/lmd_root_0/half_0/plane_0/module_1/sensor_4": [
    0.8083692105264196,
    -0.5873146097775627,
    0.04000960653046352,
    30.03071317405675,
    0.5877852522924731,
    0.8090169943749475,
    0.0,
    7.423225627610864,
    -0.03236845162139987,
    0.023517056668631083,
    0.9991992951284931,
    1097.5220573755698,
    0.0,
    0.0,
    0.0,
    1.0
  ],
  "/cave_1/lmd_root_0/half_0/plane_0/module_1/sensor_5": [
    0.30876956296217306,
    0.9502950007094777,
    -0.040009606530463405,
    27.26227698811739,
    0.9510565162951536,
    -0.30901699437494745,
    -3.7843667304341506e-17,
    3.970737328953244,
    -0.012363648356168107,
    -0.03805139700520234,
    -0.9991992951284931,
    1097.657930212116,
    0.0,
    0.0,
    0.0,
    1.0
  ],
  "/cave_1/lmd_root_0/half_0/plane_0/module_1/sensor_6": [
    0.30876956296217306,
    0.9502950007094777,
    -0.040009606530463405,
    27.879816114041734,
    0.9510565162951536,
    -0.30901699437494745,
    -3.7843667304341506e-17,
    5.872850361543551,
    -0.012363648356168107,
    -0.03805139700520234,
    -0.9991992951284931,
    1097.633202915404,
    0.0,
    0.0,
    0.0,
    1.0
  ],
  "/cave_1/lmd_root_0/half_0/plane_0/module_1/sensor_7": [
    0.30876956296217306,
    0.9502950007094777,
    -0.040009606530463405,
    28.49735523996608,
    0.9510565162951536,
    -0.30901699437494745,
    -3.7843667304341506e-17,
    7.774963394133858,
    -0.012363648356168107,
    -0.03805139700520234,
    -0.9991992951284931,
    1097.6084756186915,
    0.0,
    0.0,
    0.0,
    1.0
  ],
  "/cave_1/lmd_root_0/half_0/plane_0/module_1/sensor_8": [
    0.30876956296217306,
    0.9502950007094777,
    -0.040009606530463405,
    29.78040611546069,
    0.9510565162951536,
    -0.30901699437494745,
    -3.7843667304341506e-17,
    5.254816372793655,
    -0.012363648356168107,
    -0.03805139700520234,
    -0.9991992951284931,
    1097.5571001213934,
    0.0,
    0.0,
    0.0,
    1.0
  ],
  "/cave_1/lmd_root_0/half_0/plane_0/module_1/sensor_9": [
    0.30876956296217306,
    0.9502950007094777,
    -0.040009606530463405,
    30.397945241385035,
    0.9510565162951536,
    -0.30901699437494745,
    -3.7843667304341506e-17,
    7.156929405383964,
    -0.012363648356168107,
    -0.03805139700520234,
    -0.9991992951284931,
    1097.532372824681,
    0.0,
    0.0,
    0.0,
    1.0
  ],
  "/cave_1/lmd_root_0/half_0/plane_0/module_2": [
    0.308769562962173,
    -0.9502950007094777,
    0.04000960653046352,
    24.90201403073127,
    0.9510565162951535,
    0.30901699437494745,
    0.0,
    7.049999999999999,
    -0.012363648356168107,
    0.038051397005202464,
    0.9991992951284931,
    1097.239528387971,
    0.0,
    0.0,
    0.0,
    1.0
  ],
  "/cave_1/lmd_root_0/half_0/plane_0/module_2/sensor_0": [
    0.308769562962173,
    -0.9502950007094777,
    0.04000960653046352,
    25.34068194326994,
    0.9510565162951535,
    0.30901699437494745,
    0.0,
    4.588771317703138,
    -0.012363648356168107,
    0.038051397005202464,
    0.9991992951284931,
    1097.2094533761842,
    0.0,
    0.0,
    0.0,
    1.0
  ],
  "/cave_1/lmd_root_0/half_0/plane_0/module_2/sensor_1": [
    0.308769562962173,
    -0.9502950007094777,
    0.04000960653046352,
    25.958221069194284,
    0.9510565162951535,
    0.30901699437494745,
    0.0,
    6.490884350293445,
    -0.012363648356168107,
    0.038051397005202464,
    0.9991992951284931,
    1097.184726079472,
    0.0,
    0.0,
    0.0,
    1.0
  ],
  "/cave_1/lmd_root_0/half_0/plane_0/module_2/sensor_2": [
    0.308769562962173,
    -0.9502950007094777,
    0.04000960653046352,
    26.575760195118633,
    0.9510565162951535,
    0.30901699437494745,
    0.0,
    8.392997382883753,
    -0.012363648356168107,
    0.038051397005202464,
    0.9991992951284931,
    1097.1599987827597,
    0.0,
    0.0,
    0.0,
    1.0
  ],
  "/cave_1/lmd_root_0/half_0/plane_0/module_2/sensor_3": [
    0.308769562962173,
    -0.9502950007094777,
    0.04000960653046352,
    24.05763106777533,
    0.9510565162951535,
    0.30901699437494745,
    0.0,
    7.10891833904334,
    -0.012363648356168107,
    0.038051397005202464,
    0.9991992951284931,
    1097.2608288734823,
    0.0,
    0.0,
    0.0,
    1.0
  ],
  "/cave_1/lmd_root_0/half_0/plane_0/module_2/sensor_4": [
    0.308769562962173,
    -0.9502950007094777,
    0.04000960653046352,
    24.675170193699675,
    0.9510565162951535,
    0.30901699437494745,
    0.0,
    9.011031371633647,
    -0.012363648356168107,
    0.038051397005202464,
    0.9991992951284931,
    1097.2361015767701,
    0.0,
    0.0,
    0.0,
    1.0
  ],
  "/cave_1/lmd_root_0/half_0/plane_0/module_2/sensor_5": [
    -0.30876956296217295,
    0.9502950007094777,
    -0.040009606530463405,
    24.4633461181926,
    0.9510565162951536,
    0.3090169943749474,
    3.7843667304341493e-17,
    4.588771317703138,
    0.012363648356168107,
    -0.03805139700520234,
    -0.9991992951284931,
    1097.2696033997577,
    0.0,
    0.0,
    0.0,
    1.0
  ],
  "/cave_1/lmd_root_0/half_0/plane_0/module_2/sensor_6": [
    -0.30876956296217295,
    0.9502950007094777,
    -0.040009606530463405,
    23.845806992268255,
    0.9510565162951536,
    0.3090169943749474,
    3.7843667304341493e-17,
    6.490884350293445,
    0.012363648356168107,
    -0.03805139700520234,
    -0.9991992951284931,
    1097.2943306964698,
    0.0,
    0.0,
    0.0,
    1.0
  ],
  "/cave_1/lmd_root_0/half_0/plane_0/module_2/sensor_7": [
    -0.30876956296217295,
    0.9502950007094777,
    -0.040009606530463405,
    23.228267866343906,
    0.9510565162951536,
    0.3090169943749474,
    3.7843667304341493e-17,
    8.392997382883753,
    0.012363648356168107,
    -0.03805139700520234,
    -0.9991992951284931,
    1097.3190579931822,
    0.0,
    0.0,
    0.0,
    1.0
  ],
  "/cave_1/lmd_root_0/half_0/plane_0/module_2/sensor_8": [
    -0.30876956296217295,
    0.9502950007094777,
    -0.040009606530463405,
    25.74639699368721,
    0.9510565162951536,
    0.3090169943749474,
    3.7843667304341493e-17,
    7.108918339043339,
    0.012363648356168107,
    -0.03805139700520234,
    -0.9991992951284931,
    1097.2182279024596,
    0.0,
    0.0,
    0.0,
    1.0
  ],
  "/cave_1/lmd_root_0/half_0/plane_0/module_2/sensor_9": [
    -0.30876956296217295,
    0.9502950007094777,
    -0.040009606530463405,
    25.128857867762864,
    0.9510565162951536,
    0.3090169943749474,
    3.7843667304341493e-17,
    9.011031371633647,
    0.012363648356168107,
    -0.03805139700520234,
    -0.9991992951284931,
    1097.2429551991718,
    0.0,
    0.0,
    0.0,
    1.0
  ],
  "/cave_1/lmd_root_0/half_0/plane_0/module_3": [
    -0.3087695629621729,
    -0.9502950007094778,
    0.04000960653046352,
    20.781450835064685,
    0.9510565162951536,
    -0.30901699437494734,
    0.0,
    5.703569810343379,
    0.012363648356168103,
    0.038051397005202464,
    0.9991992951284931,
    1097.9049232850489,
    0.0,
    0.0,
    0.0,
    1.0
  ],
  "/cave_1/lmd_root_0/half_0/plane_0/module_3/sensor_0": [
    -0.3087695629621729,
    -0.9502950007094778,
    0.04000960653046352,
    22.581760679875615,
    0.9510565162951536,
    -0.30901699437494734,
    0.0,
    3.970737328953244,
    0.012363648356168103,
    0.038051397005202464,
    0.9991992951284931,
    1097.820325858954,
    0.0,
    0.0,
    0.0,
    1.0
  ],
  "/cave_1/lmd_root_0/half_0/plane_0/module_3/sensor_1": [
    -0.3087695629621729,
    -0.9502950007094778,
    0.04000960653046352,
    21.96422155395127,
    0.9510565162951536,
    -0.30901699437494734,
    0.0,
    5.87285036154355,
    0.012363648356168103,
    0.038051397005202464,
    0.9991992951284931,
    1097.8450531556662,
    0.0,
    0.0,
    0.0,
    1.0
  ],
  "/cave_1/lmd_root_0/half_0/plane_0/module_3/sensor_2": [
    -0.3087695629621729,
    -0.9502950007094778,
    0.04000960653046352,
    21.346682428026924,
    0.9510565162951536,
    -0.30901699437494734,
    0.0,
    7.774963394133858,
    0.012363648356168103,
    0.038051397005202464,
    0.9991992951284931,
    1097.8697804523786,
    0.0,
    0.0,
    0.0,
    1.0
  ],
  "/cave_1/lmd_root_0/half_0/plane_0/module_3/sensor_3": [
    -0.3087695629621729,
    -0.9502950007094778,
    0.04000960653046352,
    20.063631552532314,
    0.9510565162951536,
    -0.30901699437494734,
    0.0,
    5.254816372793656,
    0.012363648356168103,
    0.038051397005202464,
    0.9991992951284931,
    1097.9211559496766,
    0.0,
    0.0,
    0.0,
    1.0
  ],
  "/cave_1/lmd_root_0/half_0/plane_0/module_3/sensor_4": [
    -0.3087695629621729,
    -0.9502950007094778,
    0.04000960653046352,
    19.44609242660797,
    0.9510565162951536,
    -0.30901699437494734,
    0.0,
    7.156929405383964,
    0.012363648356168103,
    0.038051397005202464,
    0.9991992951284931,
    1097.945883246389,
    0.0,
    0.0,
    0.0,
    1.0
  ],
  "/cave_1/lmd_root_0/half_0/plane_0/module_3/sensor_5": [
    -0.8083692105264195,
    0.5873146097775628,
    -0.040009606530463454,
    21.87217211648681,
    0.5877852522924732,
    0.8090169943749475,
    9.907600726170916e-17,
    3.4540506296910762,
    0.03236845162139987,
    -0.02351705666863096,
    -0.9991992951284931,
    1097.8737590023518,
    0.0,
    0.0,
    0.0,
    1.0
  ],
  "/cave_1/lmd_root_0/half_0/plane_0/module_3/sensor_6": [
    -0.8083692105264195,
    0.5873146097775628,
    -0.040009606530463454,
    20.255433695433968,
    0.5877852522924732,
    0.8090169943749475,
    9.907600726170916e-17,
    4.6296211342760225,
    0.03236845162139987,
    -0.02351705666863096,
    -0.9991992951284931,
    1097.9384959055947,
    0.0,
    0.0,
    0.0,
    1.0
  ],
  "/cave_1/lmd_root_0/half_0/plane_0/module_3/sensor_7": [
    -0.8083692105264195,
    0.5873146097775628,
    -0.040009606530463454,
    18.638695274381128,
    0.5877852522924732,
    0.8090169943749475,
    9.907600726170916e-17,
    5.805191638860969,
    0.03236845162139987,
    -0.02351705666863096,
    -0.9991992951284931,
    1098.0032328088373,
    0.0,
    0.0,
    0.0,
    1.0
  ],
  "/cave_1/lmd_root_0/half_0/plane_0/module_3/sensor_8": [
    -0.8083692105264195,
    0.5873146097775628,
    -0.040009606530463454,
    21.430062914989094,
    0.5877852522924732,
    0.8090169943749475,
    9.907600726170916e-17,
    6.247655123025917,
    0.03236845162139987,
    -0.02351705666863096,
    -0.9991992951284931,
    1097.8914617922574,
    0.0,
    0.0,
    0.0,
    1.0
  ],
  "/cave_1/lmd_root_0/half_0/plane_0/module_3/sensor_9": [
    -0.8083692105264195,
    0.5873146097775628,
    -0.040009606530463454,
    19.813324493936253,
    0.5877852522924732,
    0.8090169943749475,
    9.907600726170916e-17,
    7.423225627610865,
    0.03236845162139987,
    -0.02351705666863096,
    -0.9991992951284931,
    1097.9561986955002,
    0.0,
    0.0,
    0.0,
    1.0
  ],
  "/cave_1/lmd_root_0/half_0/plane_0/module_4": [
    -0.8083692105264195,
    -0.5873146097775628,
    0.04000960653046352,
    18.202434275729452,
    0.5877852522924732,
    -0.8090169943749473,
    0.0,
    2.1785698103433804,
    0.03236845162139986,
    0.023517056668631086,
    0.9991992951284931,
    1097.5077907368575,
    0.0,
    0.0,
    0.0,
    1.0
  ],
  "/cave_1/lmd_root_0/half_0/plane_0/module_4/sensor_0": [
    -0.8083692105264195,
    -0.5873146097775628,
    0.04000960653046352,
    20.676537853503188,
    0.5877852522924732,
    -0.8090169943749473,
    0.0,
    1.8360166409411824,
    0.03236845162139986,
    0.023517056668631086,
    0.9991992951284931,
    1097.3962134857466,
    0.0,
    0.0,
    0.0,
    1.0
  ],
  "/cave_1/lmd_root_0/half_0/plane_0/module_4/sensor_1": [
    -0.8083692105264195,
    -0.5873146097775628,
    0.04000960653046352,
    19.059799432450347,
    0.5877852522924732,
    -0.8090169943749473,
    0.0,
    3.011587145526129,
    0.03236845162139986,
    0.023517056668631086,
    0.9991992951284931,
    1097.4609503889894,
    0.0,
    0.0,
    0.0,
    1.0
  ],
  "/cave_1/lmd_root_0/half_0/plane_0/module_4/sensor_2": [
    -0.8083692105264195,
    -0.5873146097775628,
    0.04000960653046352,
    17.44306101139751,
    0.5877852522924732,
    -0.8090169943749473,
    0.0,
    4.187157650111075,
    0.03236845162139986,
    0.023517056668631086,
    0.9991992951284931,
    1097.5256872922323,
    0.0,
    0.0,
    0.0,
    1.0
  ],
  "/cave_1/lmd_root_0/half_0/plane_0/module_4/sensor_3": [
    -0.8083692105264195,
    -0.5873146097775628,
    0.04000960653046352,
    17.885170212895222,
    0.5877852522924732,
    -0.8090169943749473,
    0.0,
    1.3935531567762343,
    0.03236845162139986,
    0.023517056668631086,
    0.9991992951284931,
    1097.5079845023267,
    0.0,
    0.0,
    0.0,
    1.0
  ],
  "/cave_1/lmd_root_0/half_0/plane_0/module_4/sensor_4": [
    -0.8083692105264195,
    -0.5873146097775628,
    0.04000960653046352,
    16.268431791842385,
    0.5877852522924732,
    -0.8090169943749473,
    0.0,
    2.5691236613611808,
    0.03236845162139986,
    0.023517056668631086,
    0.9991992951284931,
    1097.5727214055694,
    0.0,
    0.0,
    0.0,
    1.0
  ],
  "/cave_1/lmd_root_0/half_0/plane_0/module_4/sensor_5": [
    -0.9991992951284931,
    1.1592206611978336e-16,
    -0.04000960653046352,
    20.40611732273468,
    1.1102230246251565e-16,
    1.0,
    1.2246467991473532e-16,
    1.0000000000000007,
    0.04000960653046352,
    1.1542772794503285e-16,
    -0.9991992951284931,
    1097.432061608547,
    0.0,
    0.0,
    0.0,
    1.0
  ],
  "/cave_1/lmd_root_0/half_0/plane_0/module_4/sensor_6": [
    -0.9991992951284931,
    1.1592206611978336e-16,
    -0.04000960653046352,
    18.407718732477694,
    1.1102230246251565e-16,
    1.0,
    1.2246467991473532e-16,
    1.0000000000000009,
    0.04000960653046352,
    1.1542772794503285e-16,
    -0.9991992951284931,
    1097.512080821608,
    0.0,
    0.0,
    0.0,
    1.0
  ],
  "/cave_1/lmd_root_0/half_0/plane_0/module_4/sensor_7": [
    -0.9991992951284931,
    1.1592206611978336e-16,
    -0.04000960653046352,
    16.409320142220707,
    1.1102230246251565e-16,
    1.0,
    1.2246467991473532e-16,
    1.0000000000000013,
    0.04000960653046352,
    1.1542772794503285e-16,
    -0.9991992951284931,
    1097.5921000346689,
    0.0,
    0.0,
    0.0,
    1.0
  ],
  "/cave_1/lmd_root_0/half_0/plane_0/module_4/sensor_8": [
    -0.9991992951284931,
    1.1592206611978336e-16,
    -0.04000960653046352,
    18.407718732477694,
    1.1102230246251565e-16,
    1.0,
    1.2246467991473532e-16,
    3.000000000000001,
    0.04000960653046352,
    1.1542772794503285e-16,
    -0.9991992951284931,
    1097.512080821608,
    0.0,
    0.0,
    0.0,
    1.0
  ],
  "/cave_1/lmd_root_0/half_0/plane_0/module_4/sensor_9": [
    -0.9991992951284931,
    1.1592206611978336e-16,
    -0.04000960653046352,
    16.409320142220707,
    1.1102230246251565e-16,
    1.0,
    1.2246467991473532e-16,
    3.0000000000000018,
    0.04000960653046352,
    1.1542772794503285e-16,
    -0.9991992951284931,
    1097.5921000346689,
    0.0,
    0.0,
    0.0,
    1.0
  ],
  "/cave_1/lmd_root_0/half_0/plane_1": [
    0.9991992951284931,
    0.0,
    0.04000960653046352,
    25.712208562973153,
    0.0,
    1.0,
    0.0,
    0.0,
    -0.04000960653046352,
    0.0,
    0.9991992951284931,
    1117.4733141143229,
    0.0,
    0.0,
    0.0,
    1.0
  ],
  "/cave_1/lmd_root_0/half_0/plane_1/module_0": [
    0.9991992951284931,
    0.0,
    0.04000960653046352,
    32.401785916342355,
    0.0,
    1.0,
    0.0,
    2.178569810343379,
    -0.04000960653046352,
    0.0,
    0.9991992951284931,
    1116.955251941654,
    0.0,
    0.0,
    0.0,
    1.0
  ],
  "/cave_1/lmd_root_0/half_0/plane_1/module_0/sensor_0": [
    0.9991992951284931,
    0.0,
    0.04000960653046352,
    30.198102869337127,
    0.0,
    1.0,
    0.0,
    1.0,
    -0.04000960653046352,
    0.0,
    0.9991992951284931,
    1117.0309810699646,
    0.0,
    0.0,
    0.0,
    1.0
  ],
  "/cave_1/lmd_root_0/half_0/plane_1/module_0/sensor_1": [
    0.9991992951284931,
    0.0,
    0.04000960653046352,
    32.19650145959411,
    0.0,
    1.0,
    0.0,
    1.0,
    -0.04000960653046352,
    0.0,
    0.9991992951284931,
    1116.9509618569036,
    0.0,
    0.0,
    0.0,
    1.0
  ],
  "/cave_1/lmd_root_0/half_0/plane_1/module_0/sensor_2": [
    0.9991992951284931,
    0.0,
    0.04000960653046352,
    34.1949000498511,
    0.0,
    1.0,
    0.0,
    1.0,
    -0.04000960653046352,
    0.0,
    0.9991992951284931,
    1116.8709426438427,
    0.0,
    0.0,
    0.0,
    1.0
  ],
  "/cave_1/lmd_root_0/half_0/plane_1/module_0/sensor_3": [
    0.9991992951284931,
    0.0,
    0.04000960653046352,
    32.19650145959411,
    0.0,
    1.0,
    0.0,
    3.0,
    -0.04000960653046352,
    0.0,
    0.9991992951284931,
    1116.9509618569036,
    0.0,
    0.0,
    0.0,
    1.0
  ],
  "/cave_1/lmd_root_0/half_0/plane_1/module_0/sensor_4": [
    0.9991992951284931,
    0.0,
    0.04000960653046352,
    34.1949000498511,
    0.0,
    1.0,
    0.0,
    3.0,
    -0.04000960653046352,
    0.0,
    0.9991992951284931,
    1116.8709426438427,
    0.0,
    0.0,
    0.0,
    1.0
  ],
  "/cave_1/lmd_root_0/half_0/plane_1/module_0/sensor_5": [
    0.8083692105264196,
    0.5873146097775627,
    -0.040009606530463454,
    29.92768233856862,
    0.5877852522924731,
    -0.8090169943749475,
    -9.907600726170916e-17,
    1.8360166409411818,
    -0.03236845162139987,
    -0.02351705666863096,
    -0.9991992951284931,
    1117.066829192765,
    0.0,
    0.0,
    0.0,
    1.0
  ],
  "/cave_1/lmd_root_0/half_0/plane_1/module_0/sensor_6": [
    0.8083692105264196,
    0.5873146097775627,
    -0.040009606530463454,
    31.54442075962146,
    0.5877852522924731,
    -0.8090169943749475,
    -9.907600726170916e-17,
    3.011587145526128,
    -0.03236845162139987,
    -0.02351705666863096,
    -0.9991992951284931,
    1117.0020922895221,
    0.0,
    0.0,
    0.0,
    1.0
  ],
  "/cave_1/lmd_root_0/half_0/plane_1/module_0/sensor_7": [
    0.8083692105264196,
    0.5873146097775627,
    -0.040009606530463454,
    33.1611591806743,
    0.5877852522924731,
    -0.8090169943749475,
    -9.907600726170916e-17,
    4.187157650111074,
    -0.03236845162139987,
    -0.02351705666863096,
    -0.9991992951284931,
    1116.9373553862793,
    0.0,
    0.0,
    0.0,
    1.0
  ],
  "/cave_1/lmd_root_0/half_0/plane_1/module_0/sensor_8": [
    0.8083692105264196,
    0.5873146097775627,
    -0.040009606530463454,
    32.71904997917658,
    0.5877852522924731,
    -0.8090169943749475,
    -9.907600726170916e-17,
    1.3935531567762331,
    -0.03236845162139987,
    -0.02351705666863096,
    -0.9991992951284931,
    1116.9550581761848,
    0.0,
    0.0,
    0.0,
    1.0
  ],
  "/cave_1/lmd_root_0/half_0/plane_1/module_0/sensor_9": [
    0.8083692105264196,
    0.5873146097775627,
    -0.040009606530463454,
    34.335788400229426,
    0.5877852522924731,
    -0.8090169943749475,
    -9.907600726170916e-17,
    2.5691236613611794,
    -0.03236845162139987,
    -0.02351705666863096,
    -0.9991992951284931,
    1116.8903212729422,
    0.0,
    0.0,
    0.0,
    1.0
  ],
  "/cave_1/lmd_root_0/half_0/plane_1/module_1": [
    0.8083692105264196,
    -0.5873146097775627,
    0.04000960653046352,
    29.862778963537586,
    0.5877852522924731,
    0.8090169943749475,
    0.0,
    5.703569810343379,
    -0.03236845162139987,
    0.023517056668631083,
    0.9991992951284931,
    1117.557318688591,
    0.0,
    0.0,
    0.0,
    1.0
  ],
  "/cave_1/lmd_root_0/half_0/plane_1/module_1/sensor_0": [
    0.8083692105264196,
    -0.5873146097775627,
    0.04000960653046352,
    28.772057682115463,
    0.5877852522924731,
    0.8090169943749475,
    0.0,
    3.4540506296910767,
    -0.03236845162139987,
    0.023517056668631083,
    0.9991992951284931,
    1117.5884829712882,
    0.0,
    0.0,
    0.0,
    1.0
  ],
  "/cave_1/lmd_root_0/half_0/plane_1/module_1/sensor_1": [
    0.8083692105264196,
    -0.5873146097775627,
    0.04000960653046352,
    30.388796103168303,
    0.5877852522924731,
    0.8090169943749475,
    0.0,
    4.629621134276023,
    -0.03236845162139987,
    0.023517056668631083,
    0.9991992951284931,
    1117.5237460680453,
    0.0,
    0.0,
    0.0,
    1.0
  ],
  "/cave_1/lmd_root_0/half_0/plane_1/module_1/sensor_2": [
    0.8083692105264196,
    -0.5873146097775627,
    0.04000960653046352,
    32.00553452422114,
    0.5877852522924731,
    0.8090169943749475,
    0.0,
    5.805191638860969,
    -0.03236845162139987,
    0.023517056668631083,
    0.9991992951284931,
    1117.4590091648026,
    0.0,
    0.0,
    0.0,
    1.0
  ],
  "/cave_1/lmd_root_0/half_0/plane_1/module_1/sensor_3": [
    0.8083692105264196,
    -0.5873146097775627,
    0.04000960653046352,
    29.214166883613178,
    0.5877852522924731,
    0.8090169943749475,
    0.0,
    6.247655123025918,
    -0.03236845162139987,
    0.023517056668631083,
    0.9991992951284931,
    1117.5707801813826,
    0.0,
    0.0,
    0.0,
    1.0
  ],
  "/cave_1/lmd_root_0/half_0/plane_1/module_1/sensor_4": [
    0.8083692105264196,
    -0.5873146097775627,
    0.04000960653046352,
    30.830905304666018,
    0.5877852522924731,
    0.8090169943749475,
    0.0,
    7.423225627610864,
    -0.03236845162139987,
    0.023517056668631083,
    0.9991992951284931,
    1117.5060432781397,
    0.0,
    0.0,
    0.0,
    1.0
  ],
  "/cave_1/lmd_root_0/half_0/plane_1/module_1/sensor_5": [
    0.30876956296217306,
    0.9502950007094777,
    -0.040009606530463405,
    28.062469118726657,
    0.9510565162951536,
    -0.30901699437494745,
    -3.7843667304341506e-17,
    3.970737328953244,
    -0.012363648356168107,
    -0.03805139700520234,
    -0.9991992951284931,
    1117.641916114686,
    0.0,
    0.0,
    0.0,
    1.0
  ],
  "/cave_1/lmd_root_0/half_0/plane_1/module_1/sensor_6": [
    0.30876956296217306,
    0.9502950007094777,
    -0.040009606530463405,
    28.680008244651003,
    0.9510565162951536,
    -0.30901699437494745,
    -3.7843667304341506e-17,
    5.872850361543551,
    -0.012363648356168107,
    -0.03805139700520234,
    -0.9991992951284931,
    1117.6171888179738,
    0.0,
    0.0,
    0.0,
    1.0
  ],
  "/cave_1/lmd_root_0/half_0/plane_1/module_1/sensor_7": [
    0.30876956296217306,
    0.9502950007094777,
    -0.040009606530463405,
    29.297547370575348,
    0.9510565162951536,
    -0.30901699437494745,
    -3.7843667304341506e-17,
    7.774963394133858,
    -0.012363648356168107,
    -0.03805139700520234,
    -0.9991992951284931,
    1117.5924615212614,
    0.0,
    0.0,
    0.0,
    1.0
  ],
  "/cave_1/lmd_root_0/half_0/plane_1/module_1/sensor_8": [
    0.30876956296217306,
    0.9502950007094777,
    -0.040009606530463405,
    30.580598246069957,
    0.9510565162951536,
    -0.30901699437494745,
    -3.7843667304341506e-17,
    5.254816372793655,
    -0.012363648356168107,
    -0.03805139700520234,
    -0.9991992951284931,
    1117.5410860239633,
    0.0,
    0.0,
    0.0,
    1.0
  ],
  "/cave_1/lmd_root_0/half_0/plane_1/module_1/sensor_9": [
    0.30876956296217306,
    0.9502950007094777,
    -0.040009606530463405,
    31.198137371994303,
    0.9510565162951536,
    -0.30901699437494745,
    -3.7843667304341506e-17,
    7.156929405383964,
    -0.012363648356168107,
    -0.03805139700520234,
    -0.9991992951284931,
    1117.516358727251,
    0.0,
    0.0,
    0.0,
    1.0
  ],
  "/cave_1/lmd_root_0/half_0/plane_1/module_2": [
    0.308769562962173,
    -0.9502950007094777,
    0.04000960653046352,
    25.702206161340538,
    0.9510565162951535,
    0.30901699437494745,
    0.0,
    7.049999999999999,
    -0.012363648356168107,
    0.038051397005202464,
    0.9991992951284931,
    1117.2235142905408,
    0.0,
    0.0,
    0.0,
    1.0
  ],
  "/cave_1/lmd_root_0/half_0/plane_1/module_2/sensor_0": [
    0.308769562962173,
    -0.9502950007094777,
    0.04000960653046352,
    26.140874073879207,
    0.9510565162951535,
    0.30901699437494745,
    0.0,
    4.588771317703138,
    -0.012363648356168107,
    0.038051397005202464,
    0.9991992951284931,
    1117.193439278754,
    0.0,
    0.0,
    0.0,
    1.0
  ],
  "/cave_1/lmd_root_0/half_0/plane_1/module_2/sensor_1": [
    0.308769562962173,
    -0.9502950007094777,
    0.04000960653046352,
    26.758413199803552,
    0.9510565162951535,
    0.30901699437494745,
    0.0,
    6.490884350293445,
    -0.012363648356168107,
    0.038051397005202464,
    0.9991992951284931,
    1117.168711982042,
    0.0,
    0.0,
    0.0,
    1.0
  ],
  "/cave_1/lmd_root_0/half_0/plane_1/module_2/sensor_2": [
    0.308769562962173,
    -0.9502950007094777,
    0.04000960653046352,
    27.3759523257279,
    0.9510565162951535,
    0.30901699437494745,
    0.0,
    8.392997382883753,
    -0.012363648356168107,
    0.038051397005202464,
    0.9991992951284931,
    1117.1439846853295,
    0.0,
    0.0,
    0.0,
    1.0
  ],
  "/cave_1/lmd_root_0/half_0/plane_1/module_2/sensor_3": [
    0.308769562962173,
    -0.9502950007094777,
    0.04000960653046352,
    24.857823198384597,
    0.9510565162951535,
    0.30901699437494745,
    0.0,
    7.10891833904334,
    -0.012363648356168107,
    0.038051397005202464,
    0.9991992951284931,
    1117.2448147760522,
    0.0,
    0.0,
    0.0,
    1.0
  ],
  "/cave_1/lmd_root_0/half_0/plane_1/module_2/sensor_4": [
    0.308769562962173,
    -0.9502950007094777,
    0.04000960653046352,
    25.475362324308943,
    0.9510565162951535,
    0.30901699437494745,
    0.0,
    9.011031371633647,
    -0.012363648356168107,
    0.038051397005202464,
    0.9991992951284931,
    1117.22008747934,
    0.0,
    0.0,
    0.0,
    1.0
  ],
  "/cave_1/lmd_root_0/half_0/plane_1/module_2/sensor_5": [
    -0.30876956296217295,
    0.9502950007094777,
    -0.040009606530463405,
    25.26353824880187,
    0.9510565162951536,
    0.3090169943749474,
    3.7843667304341493e-17,
    4.588771317703138,
    0.012363648356168107,
    -0.03805139700520234,
    -0.9991992951284931,
    1117.2535893023276,
    0.0,
    0.0,
    0.0,
    1.0
  ],
  "/cave_1/lmd_root_0/half_0/plane_1/module_2/sensor_6": [
    -0.30876956296217295,
    0.9502950007094777,
    -0.040009606530463405,
    24.645999122877523,
    0.9510565162951536,
    0.3090169943749474,
    3.7843667304341493e-17,
    6.490884350293445,
    0.012363648356168107,
    -0.03805139700520234,
    -0.9991992951284931,
    1117.2783165990397,
    0.0,
    0.0,
    0.0,
    1.0
  ],
  "/cave_1/lmd_root_0/half_0/plane_1/module_2/sensor_7": [
    -0.30876956296217295,
    0.9502950007094777,
    -0.040009606530463405,
    24.028459996953174,
    0.9510565162951536,
    0.3090169943749474,
    3.7843667304341493e-17,
    8.392997382883753,
    0.012363648356168107,
    -0.03805139700520234,
    -0.9991992951284931,
    1117.3030438957521,
    0.0,
    0.0,
    0.0,
    1.0
  ],
  "/cave_1/lmd_root_0/half_0/plane_1/module_2/sensor_8": [
    -0.30876956296217295,
    0.9502950007094777,
    -0.040009606530463405,
    26.546589124296478,
    0.9510565162951536,
    0.3090169943749474,
    3.7843667304341493e-17,
    7.108918339043339,
    0.012363648356168107,
    -0.03805139700520234,
    -0.9991992951284931,
    1117.2022138050295,
    0.0,
    0.0,
    0.0,
    1.0
  ],
  "/cave_1/lmd_root_0/half_0/plane_1/module_2/sensor_9": [
    -0.30876956296217295,
    0.9502950007094777,
    -0.040009606530463405,
    25.929049998372133,
    0.9510565162951536,
    0.3090169943749474,
    3.7843667304341493e-17,
    9.011031371633647,
    0.012363648356168107,
    -0.03805139700520234,
    -0.9991992951284931,
    1117.2269411017417,
    0.0,
    0.0,
    0.0,
    1.0
  ],
  "/cave_1/lmd_root_0/half_0/plane_1/module_3": [
    -0.3087695629621729,
    -0.9502950007094778,
    0.04000960653046352,
    21.581642965673954,
    0.9510565162951536,
    -0.30901699437494734,
    0.0,
    5.703569810343379,
    0.012363648356168103,
    0.038051397005202464,
    0.9991992951284931,
    1117.8889091876188,
    0.0,
    0.0,
    0.0,
    1.0
  ],
  "/cave_1/lmd_root_0/half_0/plane_1/module_3/sensor_0": [
    -0.3087695629621729,
    -0.9502950007094778,
    0.04000960653046352,
    23.381952810484883,
    0.9510565162951536,
    -0.30901699437494734,
    0.0,
    3.970737328953244,
    0.012363648356168103,
    0.038051397005202464,
    0.9991992951284931,
    1117.8043117615239,
    0.0,
    0.0,
    0.0,
    1.0
  ],
  "/cave_1/lmd_root_0/half_0/plane_1/module_3/sensor_1": [
    -0.3087695629621729,
    -0.9502950007094778,
    0.04000960653046352,
    22.764413684560537,
    0.9510565162951536,
    -0.30901699437494734,
    0.0,
    5.87285036154355,
    0.012363648356168103,
    0.038051397005202464,
    0.9991992951284931,
    1117.829039058236,
    0.0,
    0.0,
    0.0,
    1.0
  ],
  "/cave_1/lmd_root_0/half_0/plane_1/module_3/sensor_2": [
    -0.3087695629621729,
    -0.9502950007094778,
    0.04000960653046352,
    22.146874558636192,
    0.9510565162951536,
    -0.30901699437494734,
    0.0,
    7.774963394133858,
    0.012363648356168103,
    0.038051397005202464,
    0.9991992951284931,
    1117.8537663549484,
    0.0,
    0.0,
    0.0,
    1.0
  ],
  "/cave_1/lmd_root_0/half_0/plane_1/module_3/sensor_3": [
    -0.3087695629621729,
    -0.9502950007094778,
    0.04000960653046352,
    20.863823683141582,
    0.9510565162951536,
    -0.30901699437494734,
    0.0,
    5.254816372793656,
    0.012363648356168103,
    0.038051397005202464,
    0.9991992951284931,
    1117.9051418522465,
    0.0,
    0.0,
    0.0,
    1.0
  ],
  "/cave_1/lmd_root_0/half_0/plane_1/module_3/sensor_4": [
    -0.3087695629621729,
    -0.9502950007094778,
    0.04000960653046352,
    20.246284557217237,
    0.9510565162951536,
    -0.30901699437494734,
    0.0,
    7.156929405383964,
    0.012363648356168103,
    0.038051397005202464,
    0.9991992951284931,
    1117.929869148959,
    0.0,
    0.0,
    0.0,
    1.0
  ],
  "/cave_1/lmd_root_0/half_0/plane_1/module_3/sensor_5": [
    -0.8083692105264195,
    0.5873146097775628,
    -0.040009606530463454,
    22.672364247096077,
    0.5877852522924732,
    0.8090169943749475,
    9.907600726170916e-17,
    3.4540506296910762,
    0.03236845162139987,
    -0.02351705666863096,
    -0.9991992951284931,
    1117.8577449049217,
    0.0,
    0.0,
    0.0,
    1.0
  ],
  "/cave_1/lmd_root_0/half_0/plane_1/module_3/sensor_6": [
    -0.8083692105264195,
    0.5873146097775628,
    -0.040009606530463454,
    21.055625826043237,
    0.5877852522924732,
    0.8090169943749475,
    9.907600726170916e-17,
    4.6296211342760225,
    0.03236845162139987,
    -0.02351705666863096,
    -0.9991992951284931,
    1117.9224818081645,
    0.0,
    0.0,
    0.0,
    1.0
  ],
  "/cave_1/lmd_root_0/half_0/plane_1/module_3/sensor_7": [
    -0.8083692105264195,
    0.5873146097775628,
    -0.040009606530463454,
    19.438887404990396,
    0.5877852522924732,
    0.8090169943749475,
    9.907600726170916e-17,
    5.805191638860969,
    0.03236845162139987,
    -0.02351705666863096,
    -0.9991992951284931,
    1117.9872187114072,
    0.0,
    0.0,
    0.0,
    1.0
  ],
  "/cave_1/lmd_root_0/half_0/plane_1/module_3/sensor_8": [
    -0.8083692105264195,
    0.5873146097775628,
    -0.040009606530463454,
    22.230255045598362,
    0.5877852522924732,
    0.8090169943749475,
    9.907600726170916e-17,
    6.247655123025917,
    0.03236845162139987,
    -0.02351705666863096,
    -0.9991992951284931,
    1117.8754476948272,
    0.0,
    0.0,
    0.0,
    1.0
  ],
  "/cave_1/lmd_root_0/half_0/plane_1/module_3/sensor_9": [
    -0.8083692105264195,
    0.5873146097775628,
    -0.040009606530463454,
    20.61351662454552,
    0.5877852522924732,
    0.8090169943749475,
    9.907600726170916e-17,
    7.423225627610865,
    0.03236845162139987,
    -0.02351705666863096,
    -0.9991992951284931,
    1117.9401845980701,
    0.0,
    0.0,
    0.0,
    1.0
  ],
  "/cave_1/lmd_root_0/half_0/plane_1/module_4": [
    -0.8083692105264195,
    -0.5873146097775628,
    0.04000960653046352,
    19.00262640633872,
    0.5877852522924732,
    -0.8090169943749473,
    0.0,
    2.1785698103433804,
    0.03236845162139986,
    0.023517056668631086,
    0.9991992951284931,
    1117.4917766394274,
    0.0,
    0.0,
    0.0,
    1.0
  ],
  "/cave_1/lmd_root_0/half_0/plane_1/module_4/sensor_0": [
    -0.8083692105264195,
    -0.5873146097775628,
    0.04000960653046352,
    21.476729984112456,
    0.5877852522924732,
    -0.8090169943749473,
    0.0,
    1.8360166409411824,
    0.03236845162139986,
    0.023517056668631086,
    0.9991992951284931,
    1117.3801993883164,
    0.0,
    0.0,
    0.0,
    1.0
  ],
  "/cave_1/lmd_root_0/half_0/plane_1/module_4/sensor_1": [
    -0.8083692105264195,
    -0.5873146097775628,
    0.04000960653046352,
    19.859991563059616,
    0.5877852522924732,
    -0.8090169943749473,
    0.0,
    3.011587145526129,
    0.03236845162139986,
    0.023517056668631086,
    0.9991992951284931,
    1117.4449362915593,
    0.0,
    0.0,
    0.0,
    1.0
  ],
  "/cave_1/lmd_root_0/half_0/plane_1/module_4/sensor_2": [
    -0.8083692105264195,
    -0.5873146097775628,
    0.04000960653046352,
    18.24325314200678,
    0.5877852522924732,
    -0.8090169943749473,
    0.0,
    4.187157650111075,
    0.03236845162139986,
    0.023517056668631086,
    0.9991992951284931,
    1117.5096731948022,
    0.0,
    0.0,
    0.0,
    1.0
  ],
  "/cave_1/lmd_root_0/half_0/plane_1/module_4/sensor_3": [
