{
  "/cave_1/lmd_root_0/half_0/plane_0/module_0": [
    0.9997651207443079,
    -0.00838682719237054,
    0.019984105503240375,
    -0.0011961698299273848,
    0.009127976609823616,
    0.9992628323727615,
    -0.03728903164975847,
    -0.006148111153779349,
    -0.01965663720298671,
    0.03746268767736092,
    0.9991046810248957,
    -0.004928672012048345,
    0.0,
    0.0,
    0.0,
    1.0
  ],
  "/cave_1/lmd_root_0/half_0/plane_0/module_1": [
    0.9998143502757088,
    -0.00955969695904229,
    -0.01672953008346935,
    0.0005923667082522899,
    0.00993009179427151,
    0.9997042554957708,
    0.022198982422711535,
    -0.003235656638451523,
    0.016512366872128596,
    -0.022360986957149092,
    0.9996135893446939,
    -0.0037415285542634845,
    0.0,
    0.0,
    0.0,
    1.0
  ],
  "/cave_1/lmd_root_0/half_0/plane_0/module_2": [
    0.9997833815418775,
    -0.00954121665231822,
    0.018497437051715943,
    -0.0033986532059498134,
    0.0075995599803722275,
    0.9947209672274403,
    0.10233496003912983,
    -0.0032217939615270443,
    -0.01937618850015124,
    -0.10217222001551646,
    0.9945780013534924,
    -0.0019622304024710146,
    0.0,
    0.0,
    0.0,
    1.0
  ],
  "/cave_1/lmd_root_0/half_0/plane_0/module_3": [
    0.999970006396472,
    0.006852265817889675,
    0.003610091494756175,
    0.004437620717080086,
    -0.006969312827951515,
    0.999415285418213,
    0.03347410866831163,
    -0.0008849574306086105,
    -0.0033786071310054097,
    -0.03349826451613226,
    0.9994330649364476,
    0.0027789293964985686,
    0.0,
    0.0,
    0.0,
    1.0
  ],
  "/cave_1/lmd_root_0/half_0/plane_0/module_4": [
    0.9997189407311368,
    -0.014388148546199965,
    -0.018841993653171137,
    0.007511809783631948,
    0.013232916995113234,
    0.9981068542096829,
    -0.06006327902679979,
    -0.00106429023457133,
    0.019670522393014905,
    0.059797063147476126,
    0.9980167242024167,
    0.001538218385256751,
    0.0,
    0.0,
    0.0,
    1.0
  ],
  "/cave_1/lmd_root_0/half_0/plane_1/module_0": [
    0.9999903728088195,
    -0.000954873795719685,
    0.004282815162061568,
    3.959814299869801e-06,
    0.0012882577276250632,
    0.9969110732129519,
    -0.07852803637827382,
    -0.0003326560173267579,
    -0.004194601495416565,
    0.0785327977435831,
    0.9969027058830064,
    -0.003535013020031492,
    0.0,
    0.0,
    0.0,
    1.0
  ],
  "/cave_1/lmd_root_0/half_0/plane_1/module_1": [
    0.9989791187786604,
    -0.009260537324970298,
    -0.044214960054985944,
    -0.007898866483347615,
    0.008285139071053257,
    0.9997193767126673,
    -0.022192888406185805,
    -0.0038198623697104496,
    0.04440807037898041,
    0.021803905010088016,
    0.9987755068139821,
    -0.005164693325585289,
    0.0,
    0.0,
    0.0,
    1.0
  ],
  "/cave_1/lmd_root_0/half_0/plane_1/module_2": [
    0.9998872130634021,
    0.0052665132404876676,
    -0.014065027216129561,
    0.006170281484231154,
    -0.005135677752800575,
    0.9999433594741375,
    0.009322159492049837,
    0.002104977193985551,
    0.014113325841986586,
    -0.00924887462687184,
    0.999857626040735,
    -0.0042367025092244145,
    0.0,
    0.0,
    0.0,
    1.0
  ],
  "/cave_1/lmd_root_0/half_0/plane_1/module_3": [
    0.9998641832576289,
    0.007295294416992361,
    -0.014778150016968663,
    -0.005144923373591155,
    -0.0068751000677598545,
    0.9995761866239992,
    0.02828745540486454,
    0.0046843750384632735,
    0.014978252154804955,
    -0.028182012234638457,
    0.9994905833217208,
    -0.0009649803303182125,
    0.0,
    0.0,
    0.0,
    1.0
  ],
  "/cave_1/lmd_root_0/half_0/plane_1/module_4": [
    0.9999739797743225,
    -0.004118622474480497,
    -0.005922560528661012,
    0.0017735830095571316,
    0.004357364008383262,
    0.999154591121956,
    0.04087929083063022,
    0.003706578596290762,
    0.0057491871774534705,
    -0.04090403389434233,
    0.9991465392313427,
    -0.0013886302402968,
    0.0,
    0.0,
    0.0,
    1.0
  ],
  "/cave_1/lmd_root_0/half_0/plane_2/module_0": [
    0.9991751095582218,
    -0.00014109275929470502,
    0.04060887257914022,
    0.0066163737978786235,
    -0.0014662348844202006,
    0.9992165883318639,
    0.03954819537847478,
    -0.007983612948666839,
    -0.04058263907854295,
    -0.039575114595710004,
    0.9983921372437571,
    -0.0002580693861100181,
    0.0,
    0.0,
    0.0,
    1.0
  ],
  "/cave_1/lmd_root_0/half_0/plane_2/module_1": [
    0.998092872609992,
    -0.005452886475741048,
    -0.061488890656906485,
    0.005721454762388021,
    0.002882238394817168,
    0.9991210808739214,
    -0.041818159394724545,
    0.002471728679868528,
    0.06166287657067065,
    0.04156118119603709,
    0.9972313462134151,
    0.0009073281087715235,
    0.0,
    0.0,
    0.0,
    1.0
  ],
  "/cave_1/lmd_root_0/half_0/plane_2/module_2": [
    0.9988335039366693,
    0.0023884858317713203,
    -0.04822786071377312,
    0.0035423923632619415,
    -0.004248673821798469,
    0.9992493663412314,
    -0.03850522870213331,
    0.0017399536608718336,
    0.0480996900650268,
    0.03866521695373057,
    0.9980938937863357,
    0.0021624545054510238,
    0.0,
    0.0,
    0.0,
    1.0
  ],
  "/cave_1/lmd_root_0/half_0/plane_2/module_3": [
    0.999606993361205,
    -0.005045104609517397,
    -0.027575455442315606,
    -5.8318559171486315e-05,
    0.0026967032972707236,
    0.9964159745290601,
    -0.08454545224097017,
    0.00017658596625551583,
    0.02790316495845223,
    0.0844378624953445,
    0.9960379815863041,
    0.001867557626683265,
    0.0,
    0.0,
    0.0,
    1.0
  ],
  "/cave_1/lmd_root_0/half_0/plane_2/module_4": [
    0.9999163914409658,
    -0.0052899047903818865,
    0.011799450622209322,
    0.0067873570392839614,
    0.005073966241168089,
    0.9998204670012211,
    0.018256194347224895,
    -0.002984750475734472,
    -0.011893905761386702,
    -0.018194797959000655,
    0.9997637142510076,
    -0.0030905260311399952,
    0.0,
    0.0,
    0.0,
    1.0
  ],
  "/cave_1/lmd_root_0/half_0/plane_3/module_0": [
    0.9996923627102319,
    -0.006207256041518635,
    0.024013536000953063,
    0.0012710534067416203,
    0.003993973414490012,
    0.9958299539894943,
    0.09114137871266759,
    -0.0046639747740515915,
    -0.0244791363246007,
    -0.091017430801559,
    0.9955483911769859,
    -0.004297411805018783,
    0.0,
    0.0,
    0.0,
    1.0
  ],
  "/cave_1/lmd_root_0/half_0/plane_3/module_1": [
    0.9998238793023493,
    0.004827870003540063,
    -0.018135656812760748,
    -0.0005005200277082622,
    -0.004359383337333968,
    0.9996580409995848,
    0.025783654546838824,
    0.006845071036368609,
    0.018253935294053503,
    -0.02570005323149089,
    0.99950302706404,
    -0.0031975792930461467,
    0.0,
    0.0,
    0.0,
    1.0
  ],
  "/cave_1/lmd_root_0/half_0/plane_3/module_2": [
    0.9998406211403269,
    -0.0012134774497769096,
    0.017811787956413444,
    -0.0007882375403218167,
    0.0013525754916302662,
    0.9999686697962173,
    -0.007799356737774617,
    -0.011508869083331487,
    -0.017801765565942984,
    0.007822205473043527,
    0.9998109372497745,
    -0.0046795892035660395,
    0.0,
    0.0,
    0.0,
    1.0
  ],
  "/cave_1/lmd_root_0/half_0/plane_3/module_3": [
    0.9999996427952096,
    0.0008432930480555434,
    5.715145118759187e-05,
    0.00024914213662578175,
    -0.0008414573356553012,
    0.9996400721518124,
    -0.026814512821819972,
    8.467511273920537e-05,
    -7.974337303838214e-05,
    0.026814455153039693,
    0.9996404246707113,
    0.0002925890311598778,
    0.0,
    0.0,
    0.0,
    1.0
  ],
  "/cave_1/lmd_root_0/half_0/plane_3/module_4": [
    0.9997114934256841,
    0.011300371511004628,
    -0.021195082361286716,
    -0.000958725433196057,
    -0.011279034099948706,
    0.9999357557017547,
    0.0011259924213197232,
    -0.004043433792055879,
    0.021206444830773653,
    -0.0008866075083993683,
    0.9997747249379559,
    -6.66098203510046e-07,
    0.0,
    0.0,
    0.0,
    1.0
  ],
  "/cave_1/lmd_root_0/half_1/plane_0/module_0": [
    0.9987828136161164,
    0.0006742655819654726,
    0.04931973835087786,
    -0.006632832440081984,
    -0.008894272540252013,
    0.9859777073229532,
    0.16663988891664686,
    -0.003032388717401773,
    -0.04851580300328744,
    -0.16687572030735226,
    0.9847835857846375,
    0.0037968650353794,
    0.0,
    0.0,
    0.0,
    1.0
  ],
  "/cave_1/lmd_root_0/half_1/plane_0/module_1": [
    0.9993261215860945,
    0.017114429909238775,
    0.032471510660521126,
    0.006187292870599777,
    -0.012623308246563126,
    0.9909292079795391,
    -0.133790720388058,
    -0.0010780354193411768,
    -0.03446672024731734,
    0.1332906638213083,
    0.9904774829007816,
    0.0026590482284034977,
    0.0,
    0.0,
    0.0,
    1.0
  ],
  "/cave_1/lmd_root_0/half_1/plane_0/module_2": [
    0.999683841454289,
    -0.002741794667871546,
    0.02499399322227557,
    -0.008437270269414893,
    0.002714196782565408,
    0.9999956689926963,
    0.001138038521015714,
    0.00462062947164515,
    -0.02499700524105713,
    -0.0010698401044245847,
    0.9996869535865363,
    0.006378344395197928,
    0.0,
    0.0,
    0.0,
    1.0
  ],
  "/cave_1/lmd_root_0/half_1/plane_0/module_3": [
    0.9998591304070937,
    -0.0037137337637164806,
    0.016368491778494313,
    -0.003231893024203789,
    0.003460601708148351,
    0.9998744075068051,
    0.015465880147377082,
    -0.007843932993710041,
    -0.016423872180090917,
    -0.015407056644528313,
    0.9997464073594684,
    0.0015915442755279298,
    0.0,
    0.0,
    0.0,
    1.0
  ],
  "/cave_1/lmd_root_0/half_1/plane_0/module_4": [
    0.9997838714654257,
    -0.0013513434767796274,
    0.020745703854362935,
    -0.0035695610697540105,
    0.0013289520129781524,
    0.9999985195316222,
    0.0010930787304430489,
    0.003304042909294367,
    -0.0207471502658164,
    -0.0010652724400409595,
    0.999784187187653,
    0.005114245871081949,
    0.0,
    0.0,
    0.0,
    1.0
  ],
  "/cave_1/lmd_root_0/half_1/plane_1/module_0": [
    0.9999393477953836,
    -0.0069170797311756665,
    -0.008570573990993079,
    -0.00805063053034246,
    0.006220271917940048,
    0.9968694730743729,
    -0.07881980632866867,
    0.0033450457939483715,
    0.009088946463117423,
    0.0787617144329306,
    0.9968520368599223,
    0.0011325084652384753,
    0.0,
    0.0,
    0.0,
    1.0
  ],
  "/cave_1/lmd_root_0/half_1/plane_1/module_1": [
    0.99887230935287,
    0.008423623055078773,
    0.04672421409387398,
    0.004175935215316713,
    -0.007505372212903148,
    0.9997759219530631,
    -0.019793313791494738,
    -0.005660735075362027,
    -0.0468804756376256,
    0.01942031043852646,
    0.9987117064230604,
    0.0032295991092288045,
    0.0,
    0.0,
    0.0,
    1.0
  ],
  "/cave_1/lmd_root_0/half_1/plane_1/module_2": [
    0.999964904475062,
    -0.008034615609046048,
    -0.0023737670894418846,
    -0.0011831041215918958,
    0.008131019126724698,
    0.999004545853599,
    0.043861188900954674,
    -0.0061382754318738296,
    0.002018996320175182,
    -0.043878950715112434,
    0.9990348148778398,
    -0.0020250217292678975,
    0.0,
    0.0,
    0.0,
    1.0
  ],
  "/cave_1/lmd_root_0/half_1/plane_1/module_3": [
    0.9995129895004059,
    0.001572855751280507,
    -0.0311658458050994,
    0.004950797490843091,
    -1.7429000722533604e-05,
    0.998756935653268,
    0.049845593393238526,
    -0.00472301343192719,
    0.031205504581587874,
    -0.049820774876348464,
    0.9982705579523663,
    -0.002387233964553919,
    0.0,
    0.0,
    0.0,
    1.0
  ],
  "/cave_1/lmd_root_0/half_1/plane_1/module_4": [
    0.9992357939941873,
    0.006081583106843969,
    -0.038611427683015113,
    -0.002632349580527631,
    -0.005660623693692842,
    0.9999234489457651,
    0.011002435539650435,
    0.0051659449422732,
    0.038675384163632545,
    -0.010775462649942683,
    0.9991937269941575,
    -0.0017204543523370885,
    0.0,
    0.0,
    0.0,
    1.0
  ],
  "/cave_1/lmd_root_0/half_1/plane_2/module_0": [
    0.9999752346345236,
    -0.0034851880538290356,
    -0.006114211466634333,
    0.005405430323444307,
    0.0027489920001246048,
    0.9931830471939141,
    -0.11653273278180039,
    -0.0019234684309315964,
    0.00647866966379104,
    0.11651303888767424,
    0.9931680314068444,
    0.0007951421354299715,
    0.0,
    0.0,
    0.0,
    1.0
  ],
  "/cave_1/lmd_root_0/half_1/plane_2/module_1": [
    0.9997756317545786,
    0.0005930952282411114,
    0.021173908183979087,
    -0.010834858444109656,
    -0.0030953466751030847,
    0.9929682690843157,
    0.11834033725090946,
    -0.0025110574516025255,
    -0.02095483186986398,
    -0.11837932602337412,
    0.9927473143713649,
    -0.0015467354953171177,
    0.0,
    0.0,
    0.0,
    1.0
  ],
  "/cave_1/lmd_root_0/half_1/plane_2/module_2": [
    0.9990619489294955,
    -0.003662257129121878,
    0.04314869724473994,
    -0.006295170893402824,
    0.0021884314519898976,
    0.9994141602469768,
    0.03415475172812706,
    -0.0016575208180855938,
    -0.04324850250561254,
    -0.0340282848605429,
    0.9984846733227666,
    0.004381961866747588,
    0.0,
    0.0,
    0.0,
    1.0
  ],
  "/cave_1/lmd_root_0/half_1/plane_2/module_3": [
    0.9992125426393597,
    -0.000983601994521079,
    -0.03966518825497046,
    0.002627046531997621,
    -0.0033081832602307537,
    0.9941465334393976,
    -0.10798947158841705,
    0.0011893748492002487,
    0.03953922806154163,
    0.10803565419594209,
    0.9933604314984327,
    0.0041891265699044175,
    0.0,
    0.0,
    0.0,
    1.0
  ],
  "/cave_1/lmd_root_0/half_1/plane_2/module_4": [
    0.9986064419404329,
    -0.003182461355595514,
    -0.05267870589516285,
    0.0018192033912055195,
    0.006663173070768617,
    0.9977953055379567,
    0.06603128327576843,
    -0.0008088913809574084,
    0.05235242343672267,
    -0.06629027218329951,
    0.9964260251389294,
    -0.009030935046456808,
    0.0,
    0.0,
    0.0,
    1.0
  ],
  "/cave_1/lmd_root_0/half_1/plane_3/module_0": [
    0.9996256852520781,
    0.00013513526740813208,
    -0.027358200283882785,
    0.0011957989865913987,
    0.0011510829320317312,
    0.9988945657193009,
    0.04699278225997165,
    -0.0017288735888548335,
    0.027334307973627698,
    -0.04700668372592373,
    0.998520509199833,
    -0.0003365528513677418,
    0.0,
    0.0,
    0.0,
    1.0
  ],
  "/cave_1/lmd_root_0/half_1/plane_3/module_1": [
    0.9997326326546512,
    -0.0029563551013427193,
    0.022933014845744722,
    -0.0028778912896406084,
    0.0016695825341957894,
    0.9984334330339062,
    0.05592756292106615,
    0.010097558519998537,
    -0.023062430478201803,
    -0.0558743211559932,
    0.9981714204162504,
    0.007154823101591319,
    0.0,
    0.0,
    0.0,
    1.0
  ],
  "/cave_1/lmd_root_0/half_1/plane_3/module_2": [
    0.9996262302903803,
    0.002309264703872495,
    0.027240906959407018,
    -0.0056953017273917795,
    -0.002693779190896226,
    0.9998971434094057,
    0.014087091799984028,
    0.013569724100822035,
    -0.027205574228718558,
    -0.014155207460080952,
    0.9995296327936695,
    -0.012277436768483082,
    0.0,
    0.0,
    0.0,
    1.0
  ],
  "/cave_1/lmd_root_0/half_1/plane_3/module_3": [
    0.997657703410701,
    -0.01567329247666783,
    0.0665841927804684,
    0.0008756974362768233,
    0.011113337146989545,
    0.9976022046051742,
    0.06831057827564904,
    -0.0018650726269591855,
    -0.06749518918221575,
    -0.06741060205811145,
    0.995439706947347,
    0.003941416772038937,
    0.0,
    0.0,
    0.0,
    1.0
  ],
  "/cave_1/lmd_root_0/half_1/plane_3/module_4": [
    0.9999044743282416,
    -0.002975249720198535,
    0.01349778157568975,
    0.0019108742708340287,
    0.0018591659297155247,
    0.9966340760027469,
    0.08195768452193147,
    0.001786844660564433,
    -0.013696193646716455,
    -0.0819247608434295,
    0.9965444033460518,
    0.0015421232928439221,
    0.0,
    0.0,
    0.0,
    1.0
  ]
}
