{
  "/cave_1/lmd_root_0/half_0/plane_0/module_0": [
    0.9990606577255432,
    -0.015264447176897879,
    0.04055611960467478,
    -0.0023923396598547696,
    0.018244610408828556,
    0.997079517302497,
    -0.07415908822827993,
    -0.012296222307558698,
    -0.039305678674143966,
    0.07482935806355308,
    0.9964214122527484,
    -0.00985734402409669,
    0.0,
    0.0,
    0.0,
    1.0
  ],
  "/cave_1/lmd_root_0/half_0/plane_0/module_1": [
    0.9992575238210154,
    -0.018365773576498275,
    -0.03386885660942005,
    0.0011847334165045798,
    0.019851081036556997,
    0.9988319572207596,
    0.044052875232233286,
    -0.006471313276903046,
    0.03302023120410737,
    -0.044692500438926704,
    0.9984549287452807,
    -0.007483057108526969,
    0.0,
    0.0,
    0.0,
    1.0
  ],
  "/cave_1/lmd_root_0/half_0/plane_0/module_2": [
    0.9991336633963332,
    -0.022760498491437235,
    0.03484081481027734,
    -0.006797306411899627,
    0.015190120337058764,
    0.9788809486710968,
    0.2038660064182334,
    -0.006443587923054089,
    -0.038745101785495825,
    -0.20316015366502063,
    0.9783786429856474,
    -0.003924460804942029,
    0.0,
    0.0,
    0.0,
    1.0
  ],
  "/cave_1/lmd_root_0/half_0/plane_0/module_3": [
    0.9998800284940155,
    0.013454673039277455,
    0.007674659094243742,
    0.008875241434160172,
    -0.013938048480028694,
    0.9976650876930317,
    0.06685883339562357,
    -0.001769914861217221,
    -0.006757175695147166,
    -0.06695778201121598,
    0.9977329281950974,
    0.005557858792997137,
    0.0,
    0.0,
    0.0,
    1.0
  ],
  "/cave_1/lmd_root_0/half_0/plane_0/module_4": [
    0.9988760564761296,
    -0.030974166425820012,
    -0.035877915392637794,
    0.015023619567263896,
    0.026448154027079767,
    0.9923736941874546,
    -0.12039495933511506,
    -0.00212858046914266,
    0.0393334329452126,
    0.1193107375677887,
    0.992077531725104,
    0.003076436770513502,
    0.0,
    0.0,
    0.0,
    1.0
  ],
  "/cave_1/lmd_root_0/half_0/plane_1/module_0": [
    0.9999614914790452,
    -0.0012311731732829734,
    0.008689060456723572,
    7.919628599739603e-06,
    0.0025764453173127188,
    0.9876650884958296,
    -0.1565600041391549,
    -0.0006653120346535158,
    -0.0083891291878303,
    0.1565763621340804,
    0.98763022702443,
    -0.007070026040062984,
    0.0,
    0.0,
    0.0,
    1.0
  ],
  "/cave_1/lmd_root_0/half_0/plane_1/module_1": [
    0.9959188307871659,
    -0.020441891487909765,
    -0.0879079720839974,
    -0.01579773296669523,
    0.016520652852185198,
    0.9988456495396053,
    -0.04510472730370499,
    -0.007639724739420899,
    0.08872852141708397,
    0.043468350189540525,
    0.9951069048192447,
    -0.010329386651170579,
    0.0,
    0.0,
    0.0,
    1.0
  ],
  "/cave_1/lmd_root_0/half_0/plane_1/module_2": [
    0.9995488882046217,
    0.010792564998965755,
    -0.028027497741463674,
    0.012340562968462308,
    -0.010268150944207305,
    0.9997707674872262,
    0.01878769688358991,
    0.004209954387971102,
    0.028223840367526648,
    -0.018491430954519956,
    0.9994305787878229,
    -0.008473405018448829,
    0.0,
    0.0,
    0.0,
    1.0
  ],
  "/cave_1/lmd_root_0/half_0/plane_1/module_3": [
    0.9994567911361677,
    0.015417208123390138,
    -0.0291278620134557,
    -0.01028984674718231,
    -0.013745247524547846,
    0.9982935773216755,
    0.05675386902036713,
    0.009368750076926547,
    0.029953143779639455,
    -0.05632267014242267,
    0.9979632087435609,
    -0.001929960660636425,
    0.0,
    0.0,
    0.0,
    1.0
  ],
  "/cave_1/lmd_root_0/half_0/plane_1/module_4": [
    0.999895921706571,
    -0.007745789405660292,
    -0.012171626885919376,
    0.003547166019114263,
    0.008714213206310667,
    0.9966239527845632,
    0.08163797660566968,
    0.007413157192581524,
    0.011498184324572093,
    -0.08173554601613714,
    0.9965877243246989,
    -0.0027772604805936,
    0.0,
    0.0,
    0.0,
    1.0
  ],
  "/cave_1/lmd_root_0/half_0/plane_2/module_0": [
    0.9967018062144269,
    -0.003493505572959612,
    0.08107592064053724,
    0.013232747595757247,
    -0.002925217192929612,
    0.9968769995924431,
    0.07891571952369382,
    -0.015967225897333678,
    -0.08109841301328395,
    -0.07889260486496703,
    0.9935788868048411,
    -0.0005161387722200361,
    0.0,
    0.0,
    0.0,
    1.0
  ],
  "/cave_1/lmd_root_0/half_0/plane_2/module_1": [
    0.9923788281247062,
    -0.015997480785170215,
    -0.12218159476108802,
    0.011442909524776041,
    0.005731523170524744,
    0.9964563769641995,
    -0.08391566271874765,
    0.004943457359737056,
    0.1230910684492598,
    0.08257584038875405,
    0.9889539015809132,
    0.001814656217543047,
    0.0,
    0.0,
    0.0,
    1.0
  ],
  "/cave_1/lmd_root_0/half_0/plane_2/module_2": [
    0.9953368208924332,
    0.0010483270930107232,
    -0.09645472505818597,
    0.007084784726523883,
    -0.008467753622734664,
    0.9970302288259422,
    -0.07654423528832194,
    0.0034799073217436673,
    0.09608803320043996,
    0.0770040506570621,
    0.9923897752688083,
    0.0043249090109020475,
    0.0,
    0.0,
    0.0,
    1.0
  ],
  "/cave_1/lmd_root_0/half_0/plane_2/module_3": [
    0.9984282936861681,
    -0.014709005647997592,
    -0.05407945561647257,
    -0.00011663711834297263,
    0.005387086095359696,
    0.9856643686675112,
    -0.16863194134765178,
    0.00035317193251103166,
    0.055784600655808536,
    0.1680755707773258,
    0.9841944324357602,
    0.00373511525336653,
    0.0,
    0.0,
    0.0,
    1.0
  ],
  "/cave_1/lmd_root_0/half_0/plane_2/module_4": [
    0.9996655870297464,
    -0.011007240352433877,
    0.023399888211193338,
    0.013574714078567923,
    0.01014564836804465,
    0.9992775581295594,
    0.03662550529094277,
    -0.005969500951468944,
    -0.02378612889195269,
    -0.036375850209289066,
    0.9990550623433558,
    -0.0061810520622799904,
    0.0,
    0.0,
    0.0,
    1.0
  ],
  "/cave_1/lmd_root_0/half_0/plane_3/module_0": [
    0.9987696592513571,
    -0.01673262771708596,
    0.04668176226975204,
    0.0025421068134832405,
    0.007980701439777929,
    0.9833194123572442,
    0.18171197452543697,
    -0.009327949548103183,
    -0.048943601864363896,
    -0.18111585367130437,
    0.9822431325214025,
    -0.008594823610037565,
    0.0,
    0.0,
    0.0,
    1.0
  ],
  "/cave_1/lmd_root_0/half_0/plane_3/module_1": [
    0.9992955919152668,
    0.010584430801660926,
    -0.03600402482114024,
    -0.0010010400554165244,
    -0.008714325516181287,
    0.9986242453441813,
    0.05170761202726827,
    0.013690142072737218,
    0.03650178775778609,
    -0.051357437975129934,
    0.9980130425275594,
    -0.006395158586092293,
    0.0,
    0.0,
    0.0,
    1.0
  ],
  "/cave_1/lmd_root_0/half_0/plane_3/module_2": [
    0.9993625365244394,
    -0.0021482688603532826,
    0.03563573392456282,
    -0.0015764750806436334,
    0.002703862434222231,
    0.999875434727724,
    -0.015550053246910953,
    -0.023017738166662974,
    -0.03559788925449658,
    0.01563649477819759,
    0.999243859281445,
    -0.009359178407132079,
    0.0,
    0.0,
    0.0,
    1.0
  ],
  "/cave_1/lmd_root_0/half_0/plane_3/module_3": [
    0.9999985711811025,
    0.0016890440127345857,
    6.903677714556961e-05,
    0.0004982842732515635,
    -0.00168291405946376,
    0.9985605415270806,
    -0.05360981911377829,
    0.00016935022547841073,
    -0.00015948674556967574,
    0.053609626332092764,
    0.9985619572808246,
    0.0005851780623197556,
    0.0,
    0.0,
    0.0,
    1.0
  ],
  "/cave_1/lmd_root_0/half_0/plane_3/module_4": [
    0.9988462546483071,
    0.022636858861613682,
    -0.04235247567650017,
    -0.001917450866392114,
    -0.022541413749449048,
    0.9997421830518636,
    0.0027298521700280646,
    -0.008086867584111758,
    0.04240335176876123,
    -0.0017720179382386188,
    0.9990990019568637,
    -1.332196407020092e-06,
    0.0,
    0.0,
    0.0,
    1.0
  ],
  "/cave_1/lmd_root_0/half_1/plane_0/module_0": [
    0.9951345908350332,
    -0.01510958994135838,
    0.09735936737363834,
    -0.013265664880163968,
    -0.01772497502611307,
    0.9445924709064017,
    0.3277665162387127,
    -0.006064777434803546,
    -0.09691734305022369,
    -0.3278974903818916,
    0.9397288249369297,
    0.0075937300707588,
    0.0,
    0.0,
    0.0,
    1.0
  ],
  "/cave_1/lmd_root_0/half_1/plane_0/module_1": [
    0.9973057736151342,
    0.04256738696361041,
    0.059742878077718005,
    0.012374585741199554,
    -0.025199596067449984,
    0.9636571794765545,
    -0.26595078642735626,
    -0.0021560708386823535,
    -0.06889248342131518,
    0.26372875840602245,
    0.9621335498347731,
    0.0053180964568069955,
    0.0,
    0.0,
    0.0,
    1.0
  ],
  "/cave_1/lmd_root_0/half_1/plane_0/module_2": [
    0.9987355749417385,
    -0.005537027431656368,
    0.04996591511236556,
    -0.016874540538829787,
    0.005423284351208961,
    0.9999823856855665,
    0.0024117017744186937,
    0.0092412589432903,
    -0.04997838865590774,
    -0.0021376729927393375,
    0.9987480117735079,
    0.012756688790395857,
    0.0,
    0.0,
    0.0,
    1.0
  ],
  "/cave_1/lmd_root_0/half_1/plane_0/module_3": [
    0.9994365677793734,
    -0.007930838131333148,
    0.03261362892903261,
    -0.006463786048407578,
    0.006918361238353459,
    0.9994941649666921,
    0.03104110944071561,
    -0.015687865987420082,
    -0.03284331382734832,
    -0.03079798701326805,
    0.998985886152937,
    0.0031830885510558595,
    0.0,
    0.0,
    0.0,
    1.0
  ],
  "/cave_1/lmd_root_0/half_1/plane_0/module_4": [
    0.9991355808058712,
    -0.0027468729725088573,
    0.041479463070143704,
    -0.007139122139508021,
    0.002656185252264858,
    0.9999939606484317,
    0.002241282349060625,
    0.006608085818588734,
    -0.041485369078991766,
    -0.0021291678034998543,
    0.9991368428783138,
    0.010228491742163897,
    0.0,
    0.0,
    0.0,
    1.0
  ],
  "/cave_1/lmd_root_0/half_1/plane_1/module_0": [
    0.9997574049320179,
    -0.015140780343089246,
    -0.015996501311203316,
    -0.01610126106068492,
    0.012438761566666552,
    0.9874802170559521,
    -0.15725170311897183,
    0.006690091587896743,
    0.01817714208242391,
    0.15701457796565246,
    0.9874289917821855,
    0.0022650169304769506,
    0.0,
    0.0,
    0.0,
    1.0
  ],
  "/cave_1/lmd_root_0/half_1/plane_1/module_1": [
    0.9954920289337221,
    0.01865611710038882,
    0.09299230948932286,
    0.008351870430633426,
    -0.014960791270604897,
    0.9990765042224679,
    -0.040277952221663374,
    -0.011321470150724053,
    -0.09365786167737773,
    0.03870514184639794,
    0.9948518065222938,
    0.006459198218457609,
    0.0,
    0.0,
    0.0,
    1.0
  ],
  "/cave_1/lmd_root_0/half_1/plane_1/module_2": [
    0.999859620902645,
    -0.015844937230898585,
    -0.005447609803216822,
    -0.0023662082431837915,
    0.016261401241039714,
    0.9960232983425654,
    0.08759655237778945,
    -0.012276550863747659,
    0.004037984410214118,
    -0.08767284142164997,
    0.9961411383729502,
    -0.004050043458535795,
    0.0,
    0.0,
    0.0,
    1.0
  ],
  "/cave_1/lmd_root_0/half_1/plane_1/module_3": [
    0.9980524323606691,
    0.006245701249436501,
    -0.06206716905784339,
    0.009901594981686182,
    -3.4807064545953476e-05,
    0.9950307247810309,
    0.09956834602525208,
    -0.00944602686385438,
    0.06238061435590694,
    -0.09937226956067201,
    0.993093052535834,
    -0.004774467929107838,
    0.0,
    0.0,
    0.0,
    1.0
  ],
  "/cave_1/lmd_root_0/half_1/plane_1/module_4": [
    0.9969444399998693,
    0.012993684006688523,
    -0.07702563034004577,
    -0.005264699161055262,
    -0.011295649059027024,
    0.9996843795106115,
    0.022439912540358698,
    0.0103318898845464,
    0.07729289660558952,
    -0.021501291552322447,
    0.9967765560023468,
    -0.003440908704674177,
    0.0,
    0.0,
    0.0,
    1.0
  ],
  "/cave_1/lmd_root_0/half_1/plane_2/module_0": [
    0.9999009403991468,
    -0.008347583482560593,
    -0.011332574239929932,
    0.010810860646888614,
    0.005497617068929401,
    0.9728170919158249,
    -0.2315095719036278,
    -0.003846936861863193,
    0.012957067394486222,
    0.23142433650426497,
    0.9727666168604345,
    0.001590284270859943,
    0.0,
    0.0,
    0.0,
    1.0
  ],
  "/cave_1/lmd_root_0/half_1/plane_2/module_1": [
    0.9991026361185096,
    -0.0038340842460239475,
    0.04218082857222666,
    -0.021669716888219313,
    -0.0061865854069405,
    0.9720027327642587,
    0.2348880875221558,
    -0.005022114903205051,
    -0.04190046135841242,
    -0.2349382627347186,
    0.9711067727295205,
    -0.0030934709906342353,
    0.0,
    0.0,
    0.0,
    1.0
  ],
  "/cave_1/lmd_root_0/half_1/plane_2/module_2": [
    0.9962495735470528,
    -0.010254004273964643,
    0.08591648621577137,
    -0.012590341786805648,
    0.004364562907002688,
    0.9976444634167873,
    0.06845783523060922,
    -0.0033150416361711877,
    -0.0864160737244301,
    -0.06782610124561149,
    0.9939476254772551,
    0.008763923733495176,
    0.0,
    0.0,
    0.0,
    1.0
  ],
  "/cave_1/lmd_root_0/half_1/plane_2/module_3": [
    0.9968514450080642,
    -0.010519351019054258,
    -0.07859096538071215,
    0.005254093063995242,
    -0.006600804675494641,
    0.9767111096223277,
    -0.2144570766329648,
    0.0023787496984004975,
    0.07901661827090768,
    0.21430061034551276,
    0.9735664448010574,
    0.008378253139808835,
    0.0,
    0.0,
    0.0,
    1.0
  ],
  "/cave_1/lmd_root_0/half_1/plane_2/module_4": [
    0.9944298958079999,
    0.0006232277093572818,
    -0.10539826331829548,
    0.003638406782411039,
    0.013271201229851004,
    0.9912836255436454,
    0.13107497452589054,
    -0.0016177827619148167,
    0.10456126214429158,
    -0.13174363482259147,
    0.9857538014852006,
    -0.018061870092913615,
    0.0,
    0.0,
    0.0,
    1.0
  ],
  "/cave_1/lmd_root_0/half_1/plane_3/module_0": [
    0.998503023212827,
    0.0028410417924287466,
    -0.05462271612047903,
    0.0023915979731827974,
    0.0022995833912525013,
    0.9955866222411323,
    0.09381891883154334,
    -0.003457747177709667,
    0.05464818890934486,
    -0.0938040835786306,
    0.9940897189654975,
    -0.0006731057027354836,
    0.0,
    0.0,
    0.0,
    1.0
  ],
  "/cave_1/lmd_root_0/half_1/plane_3/module_1": [
    0.9989306765559904,
    -0.008465488271438067,
    0.045451501006208456,
    -0.005755782579281217,
    0.0033364957939125374,
    0.9937300655968134,
    0.11175609390440383,
    0.020195117039997074,
    -0.04611259297858263,
    -0.1114849417512467,
    0.9926956918066647,
    0.014309646203182638,
    0.0,
    0.0,
    0.0,
    1.0
  ],
  "/cave_1/lmd_root_0/half_1/plane_3/module_2": [
    0.9985052113186889,
    0.0038471469304287814,
    0.05452102741068178,
    -0.011390603454783559,
    -0.005381555648566771,
    0.999592746778362,
    0.028024622154292803,
    0.02713944820164407,
    -0.05439100870752445,
    -0.028276139209326163,
    0.9981192704898512,
    -0.024554873536966164,
    0.0,
    0.0,
    0.0,
    1.0
  ],
  "/cave_1/lmd_root_0/half_1/plane_3/module_3": [
    0.990642916789661,
    -0.04022618541300946,
    0.13041650747352154,
    0.0017513948725536466,
    0.02207313184506444,
    0.9902196627224136,
    0.13775992308527185,
    -0.003730145253918371,
    -0.1346825462523757,
    -0.13359219125767718,
    0.9818420128360514,
    0.007882833544077874,
    0.0,
    0.0,
    0.0,
    1.0
  ],
  "/cave_1/lmd_root_0/half_1/plane_3/module_4": [
    0.9996179168602974,
    -0.008141856550383885,
    0.02641458808674422,
    0.0038217485416680574,
    0.0037172790930973085,
    0.9865506930118075,
    0.16341331633029896,
    0.003573689321128866,
    -0.027389817962582743,
    -0.16325268846127866,
    0.9862040141786796,
    0.0030842465856878443,
    0.0,
    0.0,
    0.0,
    1.0
  ]
}
