{
  "/cave_1/lmd_root_0/half_0/plane_0/module_0": [
    0.9962454257344291,
    -0.024377817442419125,
    0.08307089574556338,
    -0.004784679319709539,
    0.03639853723310783,
    0.988552868160689,
    -0.14641848701091545,
    -0.024592444615117396,
    -0.07855060910340694,
    0.14889240701936296,
    0.9857285898975764,
    -0.01971468804819338,
    0.0,
    0.0,
    0.0,
    1.0
  ],
  "/cave_1/lmd_root_0/half_0/plane_0/module_1": [
    0.9970320580909553,
    -0.03366468654175472,
    -0.0692370133596138,
    0.0023694668330091597,
    0.03962938040526887,
    0.9954491745959446,
    0.08666286981716706,
    -0.012942626553806092,
    0.06600444945311211,
    -0.08914947939443142,
    0.9938288499415247,
    -0.014966114217053938,
    0.0,
    0.0,
    0.0,
    1.0
  ],
  "/cave_1/lmd_root_0/half_0/plane_0/module_2": [
    0.9965368484702426,
    -0.05870033495748664,
    0.058894654399831416,
    -0.013594612823799253,
    0.030308285864900576,
    0.9159666690369265,
    0.4001080716773019,
    -0.012887175846108177,
    -0.07743201824134625,
    -0.39693744077533977,
    0.9145736441981014,
    -0.007848921609884058,
    0.0,
    0.0,
    0.0,
    1.0
  ],
  "/cave_1/lmd_root_0/half_0/plane_0/module_3": [
    0.9995201605036355,
    0.02581905751779983,
    0.017112130658666135,
    0.017750482868320344,
    -0.027871479910800197,
    0.9906981622063562,
    0.133192837677294,
    -0.003539829722434442,
    -0.013514042858026556,
    -0.1336058668990276,
    0.9909424014420771,
    0.011115717585994275,
    0.0,
    0.0,
    0.0,
    1.0
  ],
  "/cave_1/lmd_root_0/half_0/plane_0/module_4": [
    0.9955089201908537,
    -0.0700209855957643,
    -0.06371068510570543,
    0.03004723913452779,
    0.052754984025836595,
    0.9691382942451414,
    -0.24080672392616315,
    -0.00425716093828532,
    0.07860598883592977,
    0.23636418553540509,
    0.9684797727961645,
    0.006152873541027004,
    0.0,
    0.0,
    0.0,
    1.0
  ],
  "/cave_1/lmd_root_0/half_0/plane_1/module_0": [
    0.9998459698164008,
    0.0002889074218207135,
    0.01754859465605597,
    1.5839257199479205e-05,
    0.005152329545368906,
    0.9509783495947017,
    -0.3092145405740054,
    -0.0013306240693070316,
    -0.01677766795942922,
    0.3092573283442753,
    0.9508303816786694,
    -0.014140052080125969,
    0.0,
    0.0,
    0.0,
    1.0
  ],
  "/cave_1/lmd_root_0/half_0/plane_1/module_1": [
    0.9837129665848025,
    -0.048445595797886265,
    -0.17309483995981878,
    -0.03159546593339046,
    0.0326453384732157,
    0.9951317117734928,
    -0.09299009677770718,
    -0.015279449478841798,
    0.17675712503007238,
    0.08582482432575084,
    0.9805054912036737,
    -0.020658773302341157,
    0.0,
    0.0,
    0.0,
    1.0
  ],
  "/cave_1/lmd_root_0/half_0/plane_1/module_2": [
    0.9981961279318968,
    0.022616141225392017,
    -0.05561474928327454,
    0.024681125936924616,
    -0.020510673150894648,
    0.9990618162481874,
    0.03814183532252013,
    0.008419908775942205,
    0.056425193563385594,
    -0.03693233638623745,
    0.9977235088241574,
    -0.016946810036897658,
    0.0,
    0.0,
    0.0,
    1.0
  ],
  "/cave_1/lmd_root_0/half_0/plane_1/module_3": [
    0.9978280940166523,
    0.034060497872907436,
    -0.056382419917423064,
    -0.02057969349436462,
    -0.027450889010126826,
    0.993088733754094,
    0.11411054106980577,
    0.018737500153853094,
    0.05987940784316972,
    -0.11231495615161768,
    0.9918668293379972,
    -0.00385992132127285,
    0.0,
    0.0,
    0.0,
    1.0
  ],
  "/cave_1/lmd_root_0/half_0/plane_1/module_4": [
    0.9995837285726512,
    -0.013449918730163296,
    -0.02552389584190347,
    0.007094332038228526,
    0.017424308245287956,
    0.9865522692614684,
    0.162514656253583,
    0.014826314385163047,
    0.022994848444152113,
    -0.16289174227442918,
    0.9863759512700172,
    -0.0055545209611872,
    0.0,
    0.0,
    0.0,
    1.0
  ],
  "/cave_1/lmd_root_0/half_0/plane_2/module_0": [
    0.9868290943239761,
    -0.019715331070978004,
    0.1605604070637674,
    0.026465495191514494,
    -0.005792533494497689,
    0.9876022387522378,
    0.1568702156793404,
    -0.031934451794667355,
    -0.16166256570844123,
    -0.15573414440105737,
    0.9744804211046184,
    -0.0010322775444400723,
    0.0,
    0.0,
    0.0,
    1.0
  ],
  "/cave_1/lmd_root_0/half_0/plane_2/module_1": [
    0.9696324877935263,
    -0.05190444441399,
    -0.2389953289614924,
    0.022885819049552083,
    0.011200675183965041,
    0.9856188740990353,
    -0.16861192097587147,
    0.009886914719474112,
    0.24431001512578285,
    0.16081468735729715,
    0.9562694457313873,
    0.003629312435086094,
    0.0,
    0.0,
    0.0,
    1.0
  ],
  "/cave_1/lmd_root_0/half_0/plane_2/module_2": [
    0.9813921104392528,
    -0.012693730695701063,
    -0.1915943495216247,
    0.014169569453047766,
    -0.01669944872532635,
    0.9883892644464255,
    -0.15102248289352233,
    0.0069598146434873345,
    0.19128683692261647,
    0.15141179322654844,
    0.9697854478656922,
    0.008649818021804095,
    0.0,
    0.0,
    0.0,
    1.0
  ],
  "/cave_1/lmd_root_0/half_0/plane_2/module_3": [
    0.9937182964502463,
    -0.04714600226920729,
    -0.10149483617432137,
    -0.00023327423668594526,
    0.010723658174210978,
    0.942870988769539,
    -0.332985437657737,
    0.0007063438650220633,
    0.11139546873810939,
    0.32980532592240513,
    0.9374537303450411,
    0.00747023050673306,
    0.0,
    0.0,
    0.0,
    1.0
  ],
  "/cave_1/lmd_root_0/half_0/plane_2/module_4": [
    0.9986626883251788,
    -0.02370021068416876,
    0.045947088707043206,
    0.027149428157135846,
    0.020273027997187092,
    0.997076460274466,
    0.07367181755845831,
    -0.011939001902937889,
    -0.04755879816555663,
    -0.07264180876098496,
    0.9962235333181908,
    -0.012362104124559981,
    0.0,
    0.0,
    0.0,
    1.0
  ],
  "/cave_1/lmd_root_0/half_0/plane_3/module_0": [
    0.9950819703582601,
    -0.049794708304240626,
    0.08562919649756483,
    0.005084213626966481,
    0.015903485098942502,
    0.9335600440906929,
    0.3580680427503847,
    -0.018655899096206366,
    -0.09776989019954298,
    -0.35494525085184503,
    0.9297606775230335,
    -0.01718964722007513,
    0.0,
    0.0,
    0.0,
    1.0
  ],
  "/cave_1/lmd_root_0/half_0/plane_3/module_1": [
    0.9971835626730855,
    0.024834996185426166,
    -0.0707683919492493,
    -0.0020020801108330487,
    -0.01739313795275007,
    0.99443591193181,
    0.10389752553601043,
    0.027380284145474436,
    0.07295492503436155,
    -0.10237402026304918,
    0.99206710402493,
    -0.012790317172184587,
    0.0,
    0.0,
    0.0,
    1.0
  ],
  "/cave_1/lmd_root_0/half_0/plane_3/module_2": [
    0.9974509773694488,
    -0.0031822855890999025,
    0.07128408520252491,
    -0.003152950161287267,
    0.005397420598890763,
    0.999507792924856,
    -0.03090371714473147,
    -0.04603547633332595,
    -0.07115065421772378,
    0.031209693060206586,
    0.9969772010750685,
    -0.018718356814264158,
    0.0,
    0.0,
    0.0,
    1.0
  ],
  "/cave_1/lmd_root_0/half_0/plane_3/module_3": [
    0.999994284728637,
    0.003380627420753202,
    -4.322387971948303e-05,
    0.000996568546503127,
    -0.0033658232241555396,
    0.9942462689961726,
    -0.10706553049984915,
    0.00033870045095682147,
    -0.00031897348708264306,
    0.10706506407522691,
    0.9942519652032287,
    0.0011703561246395112,
    0.0,
    0.0,
    0.0,
    1.0
  ],
  "/cave_1/lmd_root_0/half_0/plane_3/module_4": [
    0.9953895113689556,
    0.04541189435983717,
    -0.08448361087999673,
    -0.003834901732784228,
    -0.0449497001563314,
    0.9989620950818447,
    0.007365938198717532,
    -0.016173735168223517,
    0.0847304261321021,
    -0.0035344646472153392,
    0.9963976427346314,
    -2.664392814040184e-06,
    0.0,
    0.0,
    0.0,
    1.0
  ],
  "/cave_1/lmd_root_0/half_1/plane_0/module_0": [
    0.9805916657851235,
    -0.09206167061922703,
    0.173102957212041,
    -0.026531329760327935,
    -0.0349429692896,
    0.7867050266809413,
    0.6163393463767872,
    -0.012129554869607092,
    -0.19292219646785802,
    -0.6104259576703273,
    0.7682194844653973,
    0.0151874601415176,
    0.0,
    0.0,
    0.0,
    1.0
  ],
  "/cave_1/lmd_root_0/half_1/plane_0/module_1": [
    0.9892436687454886,
    0.11344516083565424,
    0.09234261924993568,
    0.024749171482399107,
    -0.050023708779142174,
    0.8555934022335235,
    -0.5152257355901816,
    -0.004312141677364707,
    -0.13745760221590375,
    0.5050644766140623,
    0.852065303867971,
    0.010636192913613991,
    0.0,
    0.0,
    0.0,
    1.0
  ],
  "/cave_1/lmd_root_0/half_1/plane_0/module_2": [
    0.9949456446093105,
    -0.011287204640980313,
    0.09977857126836495,
    -0.03374908107765957,
    0.010805727542670753,
    0.9999272260358598,
    0.005364595465089634,
    0.0184825178865806,
    -0.09983186127302805,
    -0.0042593008373588825,
    0.9949952049287171,
    0.025513377580791714,
    0.0,
    0.0,
    0.0,
    1.0
  ],
  "/cave_1/lmd_root_0/half_1/plane_0/module_3": [
    0.9977470094003248,
    -0.017861291826352373,
    0.06466745307341375,
    -0.012927572096815157,
    0.013813993281829615,
    0.9979492845636847,
    0.06250119221614339,
    -0.031375731974840164,
    -0.06565119056283639,
    -0.061467061855302756,
    0.9959476499719041,
    0.006366177102111719,
    0.0,
    0.0,
    0.0,
    1.0
  ],
  "/cave_1/lmd_root_0/half_1/plane_0/module_4": [
    0.9965438419913558,
    -0.005670192177047902,
    0.08287472419129345,
    -0.014278244279016042,
    0.005298627764065324,
    0.9999749042608325,
    0.004702700538715227,
    0.013216171637177468,
    -0.08289930960463718,
    -0.004247324948046846,
    0.9965488772247251,
    0.020456983484327795,
    0.0,
    0.0,
    0.0,
    1.0
  ],
  "/cave_1/lmd_root_0/half_1/plane_1/module_0": [
    0.999029839710047,
    -0.034923718758629964,
    -0.026827471684562693,
    -0.03220252212136984,
    0.024863267501914796,
    0.9501017577466889,
    -0.310947693118602,
    0.013380183175793486,
    0.036348277786521374,
    0.30997900540959245,
    0.950048324511566,
    0.004530033860953901,
    0.0,
    0.0,
    0.0,
    1.0
  ],
  "/cave_1/lmd_root_0/half_1/plane_1/module_1": [
    0.9820127207890544,
    0.0444421174532178,
    0.18350998448246109,
    0.01670374086126685,
    -0.02952310191086751,
    0.9960916579101384,
    -0.08324539323825901,
    -0.022642940301448106,
    -0.18649236622993245,
    0.07633025113352007,
    0.9794867483023211,
    0.012918396436915218,
    0.0,
    0.0,
    0.0,
    1.0
  ],
  "/cave_1/lmd_root_0/half_1/plane_1/module_2": [
    0.9994385316466361,
    -0.03060895902757562,
    -0.013627658906217225,
    -0.004732416486367583,
    0.03251770673158039,
    0.9841518227348944,
    0.17432093550834327,
    -0.024553101727495318,
    0.008075902979539567,
    -0.17466620003547692,
    0.984594585784541,
    -0.00810008691707159,
    0.0,
    0.0,
    0.0,
    1.0
  ],
  "/cave_1/lmd_root_0/half_1/plane_1/module_3": [
    0.9922173154915616,
    0.0247407690513854,
    -0.12203562260858516,
    0.019803189963372363,
    -6.920712993854445e-05,
    0.9801714277699283,
    0.19815137494812782,
    -0.01889205372770876,
    0.12451824785585515,
    -0.19660077957680222,
    0.9725447750210278,
    -0.009548935858215675,
    0.0,
    0.0,
    0.0,
    1.0
  ],
  "/cave_1/lmd_root_0/half_1/plane_1/module_4": [
    0.9877979665702312,
    0.029280890919771416,
    -0.15296341610548822,
    -0.010529398322110525,
    -0.022386908021850952,
    0.9986627700882365,
    0.04659933464022248,
    0.0206637797690928,
    0.1541233388846007,
    -0.04260635007407582,
    0.987132562194373,
    -0.006881817409348354,
    0.0,
    0.0,
    0.0,
    1.0
  ],
  "/cave_1/lmd_root_0/half_1/plane_2/module_0": [
    0.9996037913721794,
    -0.0214859147392798,
    -0.01818284197205437,
    0.021621721293777228,
    0.010992298885853218,
    0.8926852777608334,
    -0.4505465172812544,
    -0.007693873723726386,
    0.02591195939268918,
    0.45016813563032204,
    0.8925677677485064,
    0.003180568541719886,
    0.0,
    0.0,
    0.0,
    1.0
  ],
  "/cave_1/lmd_root_0/half_1/plane_2/module_1": [
    0.9964122896250962,
    -0.027254728522353697,
    0.08012321047765338,
    -0.043339433776438625,
    -0.012340325959248262,
    0.8898196258018232,
    0.45614553586889683,
    -0.010044229806410102,
    -0.08372732791205657,
    -0.4554977643315896,
    0.8862908784646442,
    -0.006186941981268471,
    0.0,
    0.0,
    0.0,
    1.0
  ],
  "/cave_1/lmd_root_0/half_1/plane_2/module_2": [
    0.9850267122380049,
    -0.032070363547259076,
    0.16939264434896065,
    -0.025180683573611296,
    0.008630956903946026,
    0.9904870397524923,
    0.13733510354336564,
    -0.006630083272342375,
    -0.17218560555548498,
    -0.13381672490496607,
    0.9759329902074217,
    0.017527847466990352,
    0.0,
    0.0,
    0.0,
    1.0
  ],
  "/cave_1/lmd_root_0/half_1/plane_2/module_3": [
    0.9874261543250277,
    -0.05412509126117961,
    -0.1485263082785528,
    0.010508186127990484,
    -0.013077360730180504,
    0.9083698373747766,
    -0.41796318161299156,
    0.004757499396800995,
    0.1575391138454811,
    0.41465010918085,
    0.89624032188085,
    0.01675650627961767,
    0.0,
    0.0,
    0.0,
    1.0
  ],
  "/cave_1/lmd_root_0/half_1/plane_2/module_4": [
    0.9777855290886038,
    0.02884634271077518,
    -0.20761345721588392,
    0.007276813564822078,
    0.02610279542285617,
    0.9660173608936142,
    0.25715579426341806,
    -0.0032355655238296335,
    0.20797620819707158,
    -0.2568625059527945,
    0.9438048261476623,
    -0.03612374018582723,
    0.0,
    0.0,
    0.0,
    1.0
  ],
  "/cave_1/lmd_root_0/half_1/plane_3/module_0": [
    0.9940166064098453,
    0.01588925665612591,
    -0.10806719069343021,
    0.004783195946365595,
    0.004578526353057999,
    0.9824324820579243,
    0.18656220221132858,
    -0.006915494355419334,
    0.1091330530952415,
    -0.18594071560694303,
    0.9764814524616887,
    -0.0013462114054709673,
    0.0,
    0.0,
    0.0,
    1.0
  ],
  "/cave_1/lmd_root_0/half_1/plane_3/module_1": [
    0.9957250405724971,
    -0.02694817401526782,
    0.0883483983677239,
    -0.011511565158562434,
    0.006651651713456202,
    0.9749309831031657,
    0.22240803428603417,
    0.04039023407999415,
    -0.09212708128656888,
    -0.22086958618772692,
    0.9709424425736473,
    0.028619292406365276,
    0.0,
    0.0,
    0.0,
    1.0
  ],
  "/cave_1/lmd_root_0/half_1/plane_3/module_2": [
    0.9940254859258277,
    0.0046125768034968725,
    0.10905071052108663,
    -0.022781206909567118,
    -0.010715134586191832,
    0.9984044580778626,
    0.055441175862793644,
    0.05427889640328814,
    -0.10862098885906805,
    -0.056278434817266014,
    0.9924889009725988,
    -0.04910974707393233,
    0.0,
    0.0,
    0.0,
    1.0
  ],
  "/cave_1/lmd_root_0/half_1/plane_3/module_3": [
    0.9627647795835635,
    -0.1141642069107702,
    0.24505206192531248,
    0.003502789745107293,
    0.042925234534433504,
    0.9595140940588467,
    0.27837048611983745,
    -0.007460290507836742,
    -0.2669108529707554,
    -0.2574863824804442,
    0.9286869006309706,
    0.015765667088155747,
    0.0,
    0.0,
    0.0,
    1.0
  ],
  "/cave_1/lmd_root_0/half_1/plane_3/module_4": [
    0.9984719801646386,
    -0.024685795002206874,
    0.049440027823764936,
    0.007643497083336115,
    0.007426138090792188,
    0.9464996832879389,
    0.32261928338040785,
    0.007147378642257732,
    -0.054759084170228026,
    -0.3217591662423006,
    0.945236733120279,
    0.0061684931713756885,
    0.0,
    0.0,
    0.0,
    1.0
  ]
}
