{
  "/cave_1/lmd_root_0": [
    0.9991992951284931,
    0.0,
    0.04000960653046352,
    25.378128348443788,
    0.0,
    1.0,
    0.0,
    0.0,
    -0.04000960653046352,
    0.0,
    0.9991992951284931,
    1109.13,
    0.0,
    0.0,
    0.0,
    1.0
  ],
  "/cave_1/lmd_root_0/half_0": [
    0.9991992951284931,
    0.0,
    0.04000960653046352,
    25.378128348443788,
    0.0,
    1.0,
    0.0,
    0.0,
    -0.04000960653046352,
    0.0,
    0.9991992951284931,
    1109.13,
    0.0,
    0.0,
    0.0,
    1.0
  ],
  "/cave_1/lmd_root_0/half_0/plane_0": [
    0.9991992951284931,
    0.0,
    0.04000960653046352,
    24.912016432363885,
    0.0,
    1.0,
    0.0,
    0.0,
    -0.04000960653046352,
    0.0,
    0.9991992951284931,
    1097.489328211753,
    0.0,
    0.0,
    0.0,
    1.0
  ],
  "/cave_1/lmd_root_0/half_0/plane_0/module_0": [
    0.9991992951284931,
    0.0,
    0.04000960653046352,
    31.696623285804034,
    0.0,
    1.0,
    0.0,
    2.209471509780874,
    -0.04000960653046352,
    0.0,
    0.9991992951284931,
    1096.9674608993837,
    0.0,
    0.0,
    0.0,
    1.0
  ],
  "/cave_1/lmd_root_0/half_0/plane_0/module_0/sensor_0": [
    -0.9991992951284931,
    -1.2236662184894007e-16,
    0.04000960653046352,
    29.63222297343549,
    1.2246467991473532e-16,
    -1.0,
    0.0,
    1.1615,
    0.04000960653046352,
    4.899763657267719e-18,
    0.9991992951284931,
    1097.0376129146632,
    0.0,
    0.0,
    0.0,
    1.0
  ],
  "/cave_1/lmd_root_0/half_0/plane_0/module_0/sensor_1": [
    -0.9991992951284931,
    -1.2236662184894007e-16,
    0.04000960653046352,
    31.69956631505634,
    1.2246467991473532e-16,
    -1.0,
    0.0,
    1.1615,
    0.04000960653046352,
    4.899763657267719e-18,
    0.9991992951284931,
    1096.9548330387518,
    0.0,
    0.0,
    0.0,
    1.0
  ],
  "/cave_1/lmd_root_0/half_0/plane_0/module_0/sensor_2": [
    -0.9991992951284931,
    -1.2236662184894007e-16,
    0.04000960653046352,
    33.76690965667719,
    1.2246467991473532e-16,
    -1.0,
    0.0,
    1.1615,
    0.04000960653046352,
    4.899763657267719e-18,
    0.9991992951284931,
    1096.8720531628403,
    0.0,
    0.0,
    0.0,
    1.0
  ],
  "/cave_1/lmd_root_0/half_0/plane_0/module_0/sensor_3": [
    6.118331092447004e-17,
    0.9991992951284931,
    0.04000960653046352,
    32.35723929110991,
    -1.0,
    6.123233995736766e-17,
    0.0,
    3.3575,
    -2.4498818286338596e-18,
    -0.04000960653046352,
    0.9991992951284931,
    1096.9284987157334,
    0.0,
    0.0,
    0.0,
    1.0
  ],
  "/cave_1/lmd_root_0/half_0/plane_0/module_0/sensor_4": [
    -0.8083692105264195,
    -0.5873146097775628,
    -0.040009606530463454,
    29.41190409730687,
    -0.5877852522924732,
    0.8090169943749473,
    -9.907600726170916e-17,
    1.843196038012213,
    0.03236845162139986,
    0.023517056668630965,
    -0.9991992951284931,
    1097.071454883638,
    0.0,
    0.0,
    0.0,
    1.0
  ],
  "/cave_1/lmd_root_0/half_0/plane_0/module_0/sensor_5": [
    -0.8083692105264195,
    -0.5873146097775628,
    -0.040009606530463454,
    31.084419993886033,
    -0.5877852522924732,
    0.8090169943749473,
    -9.907600726170916e-17,
    3.0593237250053402,
    0.03236845162139986,
    0.023517056668630965,
    -0.9991992951284931,
    1097.0044845572331,
    0.0,
    0.0,
    0.0,
    1.0
  ],
  "/cave_1/lmd_root_0/half_0/plane_0/module_0/sensor_6": [
    -0.8083692105264195,
    -0.5873146097775628,
    -0.040009606530463454,
    32.75693589046519,
    -0.5877852522924732,
    0.8090169943749473,
    -9.907600726170916e-17,
    4.275451411998466,
    0.03236845162139986,
    0.023517056668630965,
    -0.9991992951284931,
    1096.9375142308286,
    0.0,
    0.0,
    0.0,
    1.0
  ],
  "/cave_1/lmd_root_0/half_0/plane_0/module_0/sensor_7": [
    -0.5873146097775627,
    0.8083692105264196,
    -0.040009606530463454,
    32.906231491326054,
    0.8090169943749475,
    0.5877852522924731,
    -9.907600726170916e-17,
    1.6696026584168613,
    0.02351705666863096,
    -0.03236845162139987,
    -0.9991992951284931,
    1096.9315361859317,
    0.0,
    0.0,
    0.0,
    1.0
  ],
  "/cave_1/lmd_root_0/half_0/plane_0/module_1": [
    0.8083692105264196,
    -0.5873146097775627,
    0.04000960653046352,
    29.121318293906075,
    0.5877852522924731,
    0.8090169943749475,
    0.0,
    5.784471509780874,
    -0.03236845162139987,
    0.023517056668631083,
    0.9991992951284931,
    1097.5709810803544,
    0.0,
    0.0,
    0.0,
    1.0
  ],
  "/cave_1/lmd_root_0/half_0/plane_0/module_1/sensor_0": [
    -0.8083692105264197,
    0.5873146097775626,
    0.04000960653046352,
    28.066576821895566,
    -0.587785252292473,
    -0.8090169943749476,
    0.0,
    3.722542515945216,
    0.03236845162139987,
    -0.02351705666863108,
    0.9991992951284931,
    1097.600704671465,
    0.0,
    0.0,
    0.0,
    1.0
  ],
  "/cave_1/lmd_root_0/half_0/plane_0/module_1/sensor_1": [
    -0.8083692105264197,
    0.5873146097775626,
    0.04000960653046352,
    29.73909271847473,
    -0.587785252292473,
    -0.8090169943749476,
    0.0,
    4.938670202938343,
    0.03236845162139987,
    -0.02351705666863108,
    0.9991992951284931,
    1097.5337343450603,
    0.0,
    0.0,
    0.0,
    1.0
  ],
  "/cave_1/lmd_root_0/half_0/plane_0/module_1/sensor_2": [
    -0.8083692105264197,
    0.5873146097775626,
    0.04000960653046352,
    31.41160861505389,
    -0.587785252292473,
    -0.8090169943749476,
    0.0,
    6.154797889931469,
    0.03236845162139987,
    -0.02351705666863108,
    0.9991992951284931,
    1097.4667640186558,
    0.0,
    0.0,
    0.0,
    1.0
  ],
  "/cave_1/lmd_root_0/half_0/plane_0/module_1/sensor_3": [
    0.5873146097775627,
    0.8083692105264196,
    0.04000960653046352,
    28.98141844977169,
    -0.8090169943749475,
    0.5877852522924731,
    0.0,
    7.102151775644633,
    -0.023517056668631086,
    -0.03236845162139987,
    0.9991992951284931,
    1097.5640728866474,
    0.0,
    0.0,
    0.0,
    1.0
  ],
  "/cave_1/lmd_root_0/half_0/plane_0/module_1/sensor_4": [
    -0.3087695629621729,
    -0.9502950007094777,
    -0.040009606530463405,
    27.488156093246598,
    -0.9510565162951536,
    0.30901699437494723,
    -3.7843667304341506e-17,
    4.1438538374329035,
    0.0123636483561681,
    0.03805139700520234,
    -0.9991992951284931,
    1097.6488856359604,
    0.0,
    0.0,
    0.0,
    1.0
  ],
  "/cave_1/lmd_root_0/half_0/plane_0/module_1/sensor_5": [
    -0.3087695629621729,
    -0.9502950007094777,
    -0.040009606530463405,
    28.127000319015334,
    -0.9510565162951536,
    0.30901699437494723,
    -3.7843667304341506e-17,
    6.111589769647577,
    0.0123636483561681,
    0.03805139700520234,
    -0.9991992951284931,
    1097.6233052475116,
    0.0,
    0.0,
    0.0,
    1.0
  ],
  "/cave_1/lmd_root_0/half_0/plane_0/module_1/sensor_6": [
    -0.3087695629621729,
    -0.9502950007094777,
    -0.040009606530463405,
    28.76584454478407,
    -0.9510565162951536,
    0.30901699437494723,
    -3.7843667304341506e-17,
    8.079325701862247,
    0.0123636483561681,
    0.03805139700520234,
    -0.9991992951284931,
    1097.5977248590625,
    0.0,
    0.0,
    0.0,
    1.0
  ],
  "/cave_1/lmd_root_0/half_0/plane_0/module_1/sensor_7": [
    -0.9502950007094777,
    0.30876956296217306,
    -0.040009606530463405,
    30.41708026691505,
    0.30901699437494745,
    0.9510565162951536,
    -3.7843667304341506e-17,
    6.058973849025662,
    0.03805139700520234,
    -0.012363648356168107,
    -0.9991992951284931,
    1097.53160662634,
    0.0,
    0.0,
    0.0,
    1.0
  ],
  "/cave_1/lmd_root_0/half_0/plane_0/module_2": [
    0.308769562962173,
    -0.9502950007094777,
    0.04000960653046352,
    24.90201403073127,
    0.9510565162951535,
    0.30901699437494745,
    0.0,
    7.15,
    -0.012363648356168107,
    0.038051397005202464,
    0.9991992951284931,
    1097.239528387971,
    0.0,
    0.0,
    0.0,
    1.0
  ],
  "/cave_1/lmd_root_0/half_0/plane_0/module_2/sensor_0": [
    -0.3087695629621731,
    0.9502950007094777,
    0.04000960653046352,
    25.25961576316999,
    -0.9510565162951535,
    -0.30901699437494756,
    0.0,
    4.861700315365907,
    0.012363648356168112,
    -0.038051397005202464,
    0.9991992951284931,
    1097.212699401261,
    0.0,
    0.0,
    0.0,
    1.0
  ],
  "/cave_1/lmd_root_0/half_0/plane_0/module_2/sensor_1": [
    -0.3087695629621731,
    0.9502950007094777,
    0.04000960653046352,
    25.898459988938725,
    -0.9510565162951535,
    -0.30901699437494756,
    0.0,
    6.829436247580579,
    0.012363648356168112,
    -0.038051397005202464,
    0.9991992951284931,
    1097.1871190128122,
    0.0,
    0.0,
    0.0,
    1.0
  ],
  "/cave_1/lmd_root_0/half_0/plane_0/module_2/sensor_2": [
    -0.3087695629621731,
    0.9502950007094777,
    0.04000960653046352,
    26.53730421470746,
    -0.9510565162951535,
    -0.30901699437494756,
    0.0,
    8.79717217979525,
    0.012363648356168112,
    -0.038051397005202464,
    0.9991992951284931,
    1097.1615386243632,
    0.0,
    0.0,
    0.0,
    1.0
  ],
  "/cave_1/lmd_root_0/half_0/plane_0/module_2/sensor_3": [
    0.9502950007094777,
    0.30876956296217295,
    0.04000960653046352,
    24.014844293722415,
    -0.3090169943749474,
    0.9510565162951535,
    0.0,
    8.134022966253434,
    -0.038051397005202464,
    -0.012363648356168105,
    0.9991992951284931,
    1097.2625421272876,
    0.0,
    0.0,
    0.0,
    1.0
  ],
  "/cave_1/lmd_root_0/half_0/plane_0/module_2/sensor_4": [
    0.30876956296217306,
    -0.9502950007094777,
    -0.040009606530463405,
    24.54441229829255,
    -0.9510565162951535,
    -0.30901699437494756,
    3.7843667304341493e-17,
    4.861700315365907,
    -0.01236364835616811,
    0.03805139700520234,
    -0.9991992951284931,
    1097.2663573746809,
    0.0,
    0.0,
    0.0,
    1.0
  ],
  "/cave_1/lmd_root_0/half_0/plane_0/module_2/sensor_5": [
    0.30876956296217306,
    -0.9502950007094777,
    -0.040009606530463405,
    23.905568072523813,
    -0.9510565162951535,
    -0.30901699437494756,
    3.7843667304341493e-17,
    6.829436247580579,
    -0.01236364835616811,
    0.03805139700520234,
    -0.9991992951284931,
    1097.2919377631297,
    0.0,
    0.0,
    0.0,
    1.0
  ],
  "/cave_1/lmd_root_0/half_0/plane_0/module_2/sensor_6": [
    0.30876956296217306,
    -0.9502950007094777,
    -0.040009606530463405,
    23.266723846755077,
    -0.9510565162951535,
    -0.30901699437494756,
    3.7843667304341493e-17,
    8.79717217979525,
    -0.01236364835616811,
    0.03805139700520234,
    -0.9991992951284931,
    1097.3175181515787,
    0.0,
    0.0,
    0.0,
    1.0
  ],
  "/cave_1/lmd_root_0/half_0/plane_0/module_2/sensor_7": [
    -0.9502950007094777,
    -0.30876956296217295,
    -0.040009606530463405,
    25.789183767740123,
    -0.3090169943749474,
    0.9510565162951536,
    3.7843667304341493e-17,
    8.134022966253434,
    0.03805139700520234,
    0.012363648356168107,
    -0.9991992951284931,
    1097.2165146486543,
    0.0,
    0.0,
    0.0,
    1.0
  ],
  "/cave_1/lmd_root_0/half_0/plane_0/module_3": [
    -0.3087695629621729,
    -0.9502950007094778,
    0.04000960653046352,
    20.722719374086928,
    0.9510565162951536,
    -0.30901699437494734,
    0.0,
    5.784471509780875,
    0.012363648356168103,
    0.038051397005202464,
    0.9991992951284931,
    1097.907274990716,
    0.0,
    0.0,
    0.0,
    1.0
  ],
  "/cave_1/lmd_root_0/half_0/plane_0/module_3/sensor_0": [
    0.3087695629621728,
    0.9502950007094778,
    0.04000960653046352,
    22.355881574746405,
    -0.9510565162951536,
    0.30901699437494723,
    0.0,
    4.143853837432904,
    -0.012363648356168098,
    -0.038051397005202464,
    0.9991992951284931,
    1097.82937043511,
    0.0,
    0.0,
    0.0,
    1.0
  ],
  "/cave_1/lmd_root_0/half_0/plane_0/module_3/sensor_1": [
    0.3087695629621728,
    0.9502950007094778,
    0.04000960653046352,
    21.71703734897767,
    -0.9510565162951536,
    0.30901699437494723,
    0.0,
    6.111589769647577,
    -0.012363648356168098,
    -0.038051397005202464,
    0.9991992951284931,
    1097.8549508235587,
    0.0,
    0.0,
    0.0,
    1.0
  ],
  "/cave_1/lmd_root_0/half_0/plane_0/module_3/sensor_2": [
    0.3087695629621728,
    0.9502950007094778,
    0.04000960653046352,
    21.078193123208933,
    -0.9510565162951536,
    0.30901699437494723,
    0.0,
    8.079325701862249,
    -0.012363648356168098,
    -0.038051397005202464,
    0.9991992951284931,
    1097.8805312120078,
    0.0,
    0.0,
    0.0,
    1.0
  ],
  "/cave_1/lmd_root_0/half_0/plane_0/module_3/sensor_3": [
    0.9502950007094778,
    -0.30876956296217295,
    0.04000960653046352,
    19.426957401077953,
    0.3090169943749474,
    0.9510565162951536,
    0.0,
    6.058973849025663,
    -0.038051397005202464,
    0.012363648356168105,
    0.9991992951284931,
    1097.9466494447304,
    0.0,
    0.0,
    0.0,
    1.0
  ],
  "/cave_1/lmd_root_0/half_0/plane_0/module_3/sensor_4": [
    0.8083692105264196,
    -0.5873146097775628,
    -0.040009606530463454,
    21.777460846097437,
    -0.5877852522924731,
    -0.8090169943749475,
    9.907600726170916e-17,
    3.722542515945217,
    -0.03236845162139987,
    0.023517056668630958,
    -0.9991992951284931,
    1097.8775513996052,
    0.0,
    0.0,
    0.0,
    1.0
  ],
  "/cave_1/lmd_root_0/half_0/plane_0/module_3/sensor_5": [
    0.8083692105264196,
    -0.5873146097775628,
    -0.040009606530463454,
    20.104944949518273,
    -0.5877852522924731,
    -0.8090169943749475,
    9.907600726170916e-17,
    4.938670202938344,
    -0.03236845162139987,
    0.023517056668630958,
    -0.9991992951284931,
    1097.94452172601,
    0.0,
    0.0,
    0.0,
    1.0
  ],
  "/cave_1/lmd_root_0/half_0/plane_0/module_3/sensor_6": [
    0.8083692105264196,
    -0.5873146097775628,
    -0.040009606530463454,
    18.432429052939113,
    -0.5877852522924731,
    -0.8090169943749475,
    9.907600726170916e-17,
    6.154797889931469,
    -0.03236845162139987,
    0.023517056668630958,
    -0.9991992951284931,
    1098.0114920524145,
    0.0,
    0.0,
    0.0,
    1.0
  ],
  "/cave_1/lmd_root_0/half_0/plane_0/module_3/sensor_7": [
    -0.5873146097775628,
    -0.8083692105264195,
    -0.040009606530463454,
    20.862619218221315,
    -0.8090169943749475,
    0.5877852522924732,
    9.907600726170916e-17,
    7.102151775644634,
    0.02351705666863096,
    0.03236845162139987,
    -0.9991992951284931,
    1097.9141831844229,
    0.0,
    0.0,
    0.0,
    1.0
  ],
  "/cave_1/lmd_root_0/half_0/plane_0/module_4": [
    -0.8083692105264195,
    -0.5873146097775628,
    0.04000960653046352,
    18.1074047756585,
    0.5877852522924732,
    -0.8090169943749473,
    0.0,
    2.209471509780875,
    0.03236845162139986,
    0.023517056668631086,
    0.9991992951284931,
    1097.511595876558,
    0.0,
    0.0,
    0.0,
    1.0
  ],
  "/cave_1/lmd_root_0/half_0/plane_0/module_4/sensor_0": [
    0.8083692105264194,
    0.5873146097775629,
    0.04000960653046352,
    20.392123964155665,
    -0.5877852522924734,
    0.8090169943749472,
    0.0,
    1.8431960380122137,
    -0.03236845162139986,
    -0.02351705666863109,
    0.9991992951284931,
    1097.4076018923038,
    0.0,
    0.0,
    0.0,
    1.0
  ],
  "/cave_1/lmd_root_0/half_0/plane_0/module_4/sensor_1": [
    0.8083692105264194,
    0.5873146097775629,
    0.04000960653046352,
    18.7196080675765,
    -0.5877852522924734,
    0.8090169943749472,
    0.0,
    3.0593237250053407,
    -0.03236845162139986,
    -0.02351705666863109,
    0.9991992951284931,
    1097.4745722187085,
    0.0,
    0.0,
    0.0,
    1.0
  ],
  "/cave_1/lmd_root_0/half_0/plane_0/module_4/sensor_2": [
    0.8083692105264194,
    0.5873146097775629,
    0.04000960653046352,
    17.04709217099734,
    -0.5877852522924734,
    0.8090169943749472,
    0.0,
    4.275451411998467,
    -0.03236845162139986,
    -0.02351705666863109,
    0.9991992951284931,
    1097.541542545113,
    0.0,
    0.0,
    0.0,
    1.0
  ],
  "/cave_1/lmd_root_0/half_0/plane_0/module_4/sensor_3": [
    0.5873146097775628,
    -0.8083692105264195,
    0.04000960653046352,
    16.897796570136485,
    0.8090169943749473,
    0.5877852522924732,
    0.0,
    1.6696026584168622,
    -0.023517056668631083,
    0.03236845162139986,
    0.9991992951284931,
    1097.54752059001,
    0.0,
    0.0,
    0.0,
    1.0
  ],
  "/cave_1/lmd_root_0/half_0/plane_0/module_4/sensor_4": [
    0.9991992951284931,
    -4.899763657267719e-18,
    -0.04000960653046352,
    20.171805088027046,
    0.0,
    -1.0,
    1.2246467991473532e-16,
    1.1615000000000006,
    -0.04000960653046352,
    -1.2236662184894007e-16,
    -0.9991992951284931,
    1097.4414438612785,
    0.0,
    0.0,
    0.0,
    1.0
  ],
  "/cave_1/lmd_root_0/half_0/plane_0/module_4/sensor_5": [
    0.9991992951284931,
    -4.899763657267719e-18,
    -0.04000960653046352,
    18.104461746406194,
    0.0,
    -1.0,
    1.2246467991473532e-16,
    1.1615000000000009,
    -0.04000960653046352,
    -1.2236662184894007e-16,
    -0.9991992951284931,
    1097.52422373719,
    0.0,
    0.0,
    0.0,
    1.0
  ],
  "/cave_1/lmd_root_0/half_0/plane_0/module_4/sensor_6": [
    0.9991992951284931,
    -4.899763657267719e-18,
    -0.04000960653046352,
    16.037118404785343,
    0.0,
    -1.0,
    1.2246467991473532e-16,
    1.161500000000001,
    -0.04000960653046352,
    -1.2236662184894007e-16,
    -0.9991992951284931,
    1097.6070036131014,
    0.0,
    0.0,
    0.0,
    1.0
  ],
  "/cave_1/lmd_root_0/half_0/plane_0/module_4/sensor_7": [
    -1.1592206611978336e-16,
    -0.9991992951284931,
    -0.04000960653046352,
    17.44678877035262,
    -1.0,
    1.1102230246251565e-16,
    1.2246467991473532e-16,
    3.357500000000001,
    -1.1542772794503285e-16,
    0.04000960653046352,
    -0.9991992951284931,
    1097.5505580602082,
    0.0,
    0.0,
    0.0,
    1.0
  ],
  "/cave_1/lmd_root_0/half_0/plane_1": [
    0.9991992951284931,
    0.0,
    0.04000960653046352,
    25.712208562973153,
    0.0,
    1.0,
    0.0,
    0.0,
    -0.04000960653046352,
    0.0,
    0.9991992951284931,
    1117.4733141143229,
    0.0,
    0.0,
    0.0,
    1.0
  ],
  "/cave_1/lmd_root_0/half_0/plane_1/module_0": [
    0.9991992951284931,
    0.0,
    0.04000960653046352,
    32.496815416413305,
    0.0,
    1.0,
    0.0,
    2.209471509780874,
    -0.04000960653046352,
    0.0,
    0.9991992951284931,
    1116.9514468019536,
    0.0,
    0.0,
    0.0,
    1.0
  ],
  "/cave_1/lmd_root_0/half_0/plane_1/module_0/sensor_0": [
    -0.9991992951284931,
    -1.2236662184894007e-16,
    0.04000960653046352,
    30.43241510404476,
    1.2246467991473532e-16,
    -1.0,
    0.0,
    1.1615,
    0.04000960653046352,
    4.899763657267719e-18,
    0.9991992951284931,
    1117.021598817233,
    0.0,
    0.0,
    0.0,
    1.0
  ],
  "/cave_1/lmd_root_0/half_0/plane_1/module_0/sensor_1": [
    -0.9991992951284931,
    -1.2236662184894007e-16,
    0.04000960653046352,
    32.49975844566561,
    1.2246467991473532e-16,
    -1.0,
    0.0,
    1.1615,
    0.04000960653046352,
    4.899763657267719e-18,
    0.9991992951284931,
    1116.9388189413216,
    0.0,
    0.0,
    0.0,
    1.0
  ],
  "/cave_1/lmd_root_0/half_0/plane_1/module_0/sensor_2": [
    -0.9991992951284931,
    -1.2236662184894007e-16,
    0.04000960653046352,
    34.56710178728646,
    1.2246467991473532e-16,
    -1.0,
    0.0,
    1.1615,
    0.04000960653046352,
    4.899763657267719e-18,
    0.9991992951284931,
    1116.8560390654102,
    0.0,
    0.0,
    0.0,
    1.0
  ],
  "/cave_1/lmd_root_0/half_0/plane_1/module_0/sensor_3": [
    6.118331092447004e-17,
    0.9991992951284931,
    0.04000960653046352,
    33.15743142171919,
    -1.0,
    6.123233995736766e-17,
    0.0,
    3.3575,
    -2.4498818286338596e-18,
    -0.04000960653046352,
    0.9991992951284931,
    1116.9124846183033,
    0.0,
    0.0,
    0.0,
    1.0
  ],
  "/cave_1/lmd_root_0/half_0/plane_1/module_0/sensor_4": [
    -0.8083692105264195,
    -0.5873146097775628,
    -0.040009606530463454,
    30.212096227916142,
    -0.5877852522924732,
    0.8090169943749473,
    -9.907600726170916e-17,
    1.843196038012213,
    0.03236845162139986,
    0.023517056668630965,
    -0.9991992951284931,
    1117.0554407862078,
    0.0,
    0.0,
    0.0,
    1.0
  ],
  "/cave_1/lmd_root_0/half_0/plane_1/module_0/sensor_5": [
    -0.8083692105264195,
    -0.5873146097775628,
    -0.040009606530463454,
    31.884612124495305,
    -0.5877852522924732,
    0.8090169943749473,
    -9.907600726170916e-17,
    3.0593237250053402,
    0.03236845162139986,
    0.023517056668630965,
    -0.9991992951284931,
    1116.988470459803,
    0.0,
    0.0,
    0.0,
    1.0
  ],
  "/cave_1/lmd_root_0/half_0/plane_1/module_0/sensor_6": [
    -0.8083692105264195,
    -0.5873146097775628,
    -0.040009606530463454,
    33.55712802107447,
    -0.5877852522924732,
    0.8090169943749473,
    -9.907600726170916e-17,
    4.275451411998466,
    0.03236845162139986,
    0.023517056668630965,
    -0.9991992951284931,
    1116.9215001333985,
    0.0,
    0.0,
    0.0,
    1.0
  ],
  "/cave_1/lmd_root_0/half_0/plane_1/module_0/sensor_7": [
    -0.5873146097775627,
    0.8083692105264196,
    -0.040009606530463454,
    33.70642362193532,
    0.8090169943749475,
    0.5877852522924731,
    -9.907600726170916e-17,
    1.6696026584168613,
    0.02351705666863096,
    -0.03236845162139987,
    -0.9991992951284931,
    1116.9155220885016,
    0.0,
    0.0,
    0.0,
    1.0
  ],
  "/cave_1/lmd_root_0/half_0/plane_1/module_1": [
    0.8083692105264196,
    -0.5873146097775627,
    0.04000960653046352,
    29.921510424515343,
    0.5877852522924731,
    0.8090169943749475,
    0.0,
    5.784471509780874,
    -0.03236845162139987,
    0.023517056668631083,
    0.9991992951284931,
    1117.5549669829243,
    0.0,
    0.0,
    0.0,
    1.0
  ],
  "/cave_1/lmd_root_0/half_0/plane_1/module_1/sensor_0": [
    -0.8083692105264197,
    0.5873146097775626,
    0.04000960653046352,
    28.866768952504835,
    -0.587785252292473,
    -0.8090169943749476,
    0.0,
    3.722542515945216,
    0.03236845162139987,
    -0.02351705666863108,
    0.9991992951284931,
    1117.584690574035,
    0.0,
    0.0,
    0.0,
    1.0
  ],
  "/cave_1/lmd_root_0/half_0/plane_1/module_1/sensor_1": [
    -0.8083692105264197,
    0.5873146097775626,
    0.04000960653046352,
    30.539284849083998,
    -0.587785252292473,
    -0.8090169943749476,
    0.0,
    4.938670202938343,
    0.03236845162139987,
    -0.02351705666863108,
    0.9991992951284931,
    1117.5177202476302,
    0.0,
    0.0,
    0.0,
    1.0
  ],
  "/cave_1/lmd_root_0/half_0/plane_1/module_1/sensor_2": [
    -0.8083692105264197,
    0.5873146097775626,
    0.04000960653046352,
    32.211800745663155,
    -0.587785252292473,
    -0.8090169943749476,
    0.0,
    6.154797889931469,
    0.03236845162139987,
    -0.02351705666863108,
    0.9991992951284931,
    1117.4507499212257,
    0.0,
    0.0,
    0.0,
    1.0
  ],
  "/cave_1/lmd_root_0/half_0/plane_1/module_1/sensor_3": [
    0.5873146097775627,
    0.8083692105264196,
    0.04000960653046352,
    29.78161058038096,
    -0.8090169943749475,
    0.5877852522924731,
    0.0,
    7.102151775644633,
    -0.023517056668631086,
    -0.03236845162139987,
    0.9991992951284931,
    1117.5480587892173,
    0.0,
    0.0,
    0.0,
    1.0
  ],
  "/cave_1/lmd_root_0/half_0/plane_1/module_1/sensor_4": [
    -0.3087695629621729,
    -0.9502950007094777,
    -0.040009606530463405,
    28.288348223855866,
    -0.9510565162951536,
    0.30901699437494723,
    -3.7843667304341506e-17,
    4.1438538374329035,
    0.0123636483561681,
    0.03805139700520234,
    -0.9991992951284931,
    1117.6328715385303,
    0.0,
    0.0,
    0.0,
    1.0
  ],
  "/cave_1/lmd_root_0/half_0/plane_1/module_1/sensor_5": [
    -0.3087695629621729,
    -0.9502950007094777,
    -0.040009606530463405,
    28.927192449624602,
    -0.9510565162951536,
    0.30901699437494723,
    -3.7843667304341506e-17,
    6.111589769647577,
    0.0123636483561681,
    0.03805139700520234,
    -0.9991992951284931,
    1117.6072911500814,
    0.0,
    0.0,
    0.0,
    1.0
  ],
  "/cave_1/lmd_root_0/half_0/plane_1/module_1/sensor_6": [
    -0.3087695629621729,
    -0.9502950007094777,
    -0.040009606530463405,
    29.566036675393338,
    -0.9510565162951536,
    0.30901699437494723,
    -3.7843667304341506e-17,
    8.079325701862247,
    0.0123636483561681,
    0.03805139700520234,
    -0.9991992951284931,
    1117.5817107616324,
    0.0,
    0.0,
    0.0,
    1.0
  ],
  "/cave_1/lmd_root_0/half_0/plane_1/module_1/sensor_7": [
    -0.9502950007094777,
    0.30876956296217306,
    -0.040009606530463405,
    31.21727239752432,
    0.30901699437494745,
    0.9510565162951536,
    -3.7843667304341506e-17,
    6.058973849025662,
    0.03805139700520234,
    -0.012363648356168107,
    -0.9991992951284931,
    1117.5155925289098,
    0.0,
    0.0,
    0.0,
    1.0
  ],
  "/cave_1/lmd_root_0/half_0/plane_1/module_2": [
    0.308769562962173,
    -0.9502950007094777,
    0.04000960653046352,
    25.702206161340538,
    0.9510565162951535,
    0.30901699437494745,
    0.0,
    7.15,
    -0.012363648356168107,
    0.038051397005202464,
    0.9991992951284931,
    1117.2235142905408,
    0.0,
    0.0,
    0.0,
    1.0
  ],
  "/cave_1/lmd_root_0/half_0/plane_1/module_2/sensor_0": [
    -0.3087695629621731,
    0.9502950007094777,
    0.04000960653046352,
    26.059807893779258,
    -0.9510565162951535,
    -0.30901699437494756,
    0.0,
    4.861700315365907,
    0.012363648356168112,
    -0.038051397005202464,
    0.9991992951284931,
    1117.196685303831,
    0.0,
    0.0,
    0.0,
    1.0
  ],
  "/cave_1/lmd_root_0/half_0/plane_1/module_2/sensor_1": [
    -0.3087695629621731,
    0.9502950007094777,
    0.04000960653046352,
    26.698652119547994,
    -0.9510565162951535,
    -0.30901699437494756,
    0.0,
    6.829436247580579,
    0.012363648356168112,
    -0.038051397005202464,
    0.9991992951284931,
    1117.171104915382,
    0.0,
    0.0,
    0.0,
    1.0
  ],
  "/cave_1/lmd_root_0/half_0/plane_1/module_2/sensor_2": [
    -0.3087695629621731,
    0.9502950007094777,
    0.04000960653046352,
    27.33749634531673,
    -0.9510565162951535,
    -0.30901699437494756,
    0.0,
    8.79717217979525,
    0.012363648356168112,
    -0.038051397005202464,
    0.9991992951284931,
    1117.145524526933,
    0.0,
    0.0,
    0.0,
    1.0
  ],
  "/cave_1/lmd_root_0/half_0/plane_1/module_2/sensor_3": [
    0.9502950007094777,
    0.30876956296217295,
    0.04000960653046352,
    24.815036424331684,
    -0.3090169943749474,
    0.9510565162951535,
    0.0,
    8.134022966253434,
    -0.038051397005202464,
    -0.012363648356168105,
    0.9991992951284931,
    1117.2465280298575,
    0.0,
    0.0,
    0.0,
    1.0
  ],
  "/cave_1/lmd_root_0/half_0/plane_1/module_2/sensor_4": [
    0.30876956296217306,
    -0.9502950007094777,
    -0.040009606530463405,
    25.344604428901818,
    -0.9510565162951535,
    -0.30901699437494756,
    3.7843667304341493e-17,
    4.861700315365907,
    -0.01236364835616811,
    0.03805139700520234,
    -0.9991992951284931,
    1117.2503432772507,
    0.0,
    0.0,
    0.0,
    1.0
  ],
  "/cave_1/lmd_root_0/half_0/plane_1/module_2/sensor_5": [
    0.30876956296217306,
    -0.9502950007094777,
    -0.040009606530463405,
    24.70576020313308,
    -0.9510565162951535,
    -0.30901699437494756,
    3.7843667304341493e-17,
    6.829436247580579,
    -0.01236364835616811,
    0.03805139700520234,
    -0.9991992951284931,
    1117.2759236656996,
    0.0,
    0.0,
    0.0,
    1.0
  ],
  "/cave_1/lmd_root_0/half_0/plane_1/module_2/sensor_6": [
    0.30876956296217306,
    -0.9502950007094777,
    -0.040009606530463405,
    24.066915977364346,
    -0.9510565162951535,
    -0.30901699437494756,
    3.7843667304341493e-17,
    8.79717217979525,
    -0.01236364835616811,
    0.03805139700520234,
    -0.9991992951284931,
    1117.3015040541486,
    0.0,
    0.0,
    0.0,
    1.0
  ],
  "/cave_1/lmd_root_0/half_0/plane_1/module_2/sensor_7": [
    -0.9502950007094777,
    -0.30876956296217295,
    -0.040009606530463405,
    26.58937589834939,
    -0.3090169943749474,
    0.9510565162951536,
    3.7843667304341493e-17,
    8.134022966253434,
    0.03805139700520234,
    0.012363648356168107,
    -0.9991992951284931,
    1117.2005005512242,
    0.0,
    0.0,
    0.0,
    1.0
  ],
  "/cave_1/lmd_root_0/half_0/plane_1/module_3": [
    -0.3087695629621729,
    -0.9502950007094778,
    0.04000960653046352,
    21.522911504696197,
    0.9510565162951536,
    -0.30901699437494734,
    0.0,
    5.784471509780875,
    0.012363648356168103,
    0.038051397005202464,
    0.9991992951284931,
    1117.8912608932858,
    0.0,
    0.0,
    0.0,
    1.0
  ],
  "/cave_1/lmd_root_0/half_0/plane_1/module_3/sensor_0": [
    0.3087695629621728,
    0.9502950007094778,
    0.04000960653046352,
    23.156073705355674,
    -0.9510565162951536,
    0.30901699437494723,
    0.0,
    4.143853837432904,
    -0.012363648356168098,
    -0.038051397005202464,
    0.9991992951284931,
    1117.8133563376798,
    0.0,
    0.0,
    0.0,
    1.0
  ],
  "/cave_1/lmd_root_0/half_0/plane_1/module_3/sensor_1": [
    0.3087695629621728,
    0.9502950007094778,
    0.04000960653046352,
    22.517229479586938,
    -0.9510565162951536,
    0.30901699437494723,
    0.0,
    6.111589769647577,
    -0.012363648356168098,
    -0.038051397005202464,
    0.9991992951284931,
    1117.8389367261286,
    0.0,
    0.0,
    0.0,
    1.0
  ],
  "/cave_1/lmd_root_0/half_0/plane_1/module_3/sensor_2": [
    0.3087695629621728,
    0.9502950007094778,
    0.04000960653046352,
    21.8783852538182,
    -0.9510565162951536,
    0.30901699437494723,
    0.0,
    8.079325701862249,
    -0.012363648356168098,
    -0.038051397005202464,
    0.9991992951284931,
    1117.8645171145777,
    0.0,
    0.0,
    0.0,
    1.0
  ],
  "/cave_1/lmd_root_0/half_0/plane_1/module_3/sensor_3": [
    0.9502950007094778,
    -0.30876956296217295,
    0.04000960653046352,
    20.22714953168722,
    0.3090169943749474,
    0.9510565162951536,
    0.0,
    6.058973849025663,
    -0.038051397005202464,
    0.012363648356168105,
    0.9991992951284931,
    1117.9306353473003,
    0.0,
    0.0,
    0.0,
    1.0
  ],
  "/cave_1/lmd_root_0/half_0/plane_1/module_3/sensor_4": [
    0.8083692105264196,
    -0.5873146097775628,
    -0.040009606530463454,
    22.577652976706705,
    -0.5877852522924731,
    -0.8090169943749475,
    9.907600726170916e-17,
    3.722542515945217,
    -0.03236845162139987,
    0.023517056668630958,
    -0.9991992951284931,
    1117.861537302175,
    0.0,
    0.0,
    0.0,
    1.0
  ],
  "/cave_1/lmd_root_0/half_0/plane_1/module_3/sensor_5": [
    0.8083692105264196,
    -0.5873146097775628,
    -0.040009606530463454,
    20.905137080127542,
    -0.5877852522924731,
    -0.8090169943749475,
    9.907600726170916e-17,
    4.938670202938344,
    -0.03236845162139987,
    0.023517056668630958,
    -0.9991992951284931,
    1117.9285076285798,
    0.0,
    0.0,
    0.0,
    1.0
  ],
  "/cave_1/lmd_root_0/half_0/plane_1/module_3/sensor_6": [
    0.8083692105264196,
    -0.5873146097775628,
    -0.040009606530463454,
    19.232621183548382,
    -0.5877852522924731,
    -0.8090169943749475,
    9.907600726170916e-17,
    6.154797889931469,
    -0.03236845162139987,
    0.023517056668630958,
    -0.9991992951284931,
    1117.9954779549844,
    0.0,
    0.0,
    0.0,
    1.0
  ],
  "/cave_1/lmd_root_0/half_0/plane_1/module_3/sensor_7": [
    -0.5873146097775628,
    -0.8083692105264195,
    -0.040009606530463454,
    21.662811348830584,
    -0.8090169943749475,
    0.5877852522924732,
    9.907600726170916e-17,
    7.102151775644634,
    0.02351705666863096,
    0.03236845162139987,
    -0.9991992951284931,
    1117.8981690869928,
    0.0,
    0.0,
    0.0,
    1.0
  ],
  "/cave_1/lmd_root_0/half_0/plane_1/module_4": [
    -0.8083692105264195,
    -0.5873146097775628,
    0.04000960653046352,
    18.90759690626777,
    0.5877852522924732,
    -0.8090169943749473,
    0.0,
    2.209471509780875,
    0.03236845162139986,
    0.023517056668631086,
    0.9991992951284931,
    1117.4955817791279,
    0.0,
    0.0,
    0.0,
    1.0
  ],
  "/cave_1/lmd_root_0/half_0/plane_1/module_4/sensor_0": [
    0.8083692105264194,
    0.5873146097775629,
    0.04000960653046352,
    21.192316094764934,
    -0.5877852522924734,
    0.8090169943749472,
    0.0,
    1.8431960380122137,
    -0.03236845162139986,
    -0.02351705666863109,
    0.9991992951284931,
    1117.3915877948737,
    0.0,
    0.0,
    0.0,
    1.0
  ],
  "/cave_1/lmd_root_0/half_0/plane_1/module_4/sensor_1": [
    0.8083692105264194,
    0.5873146097775629,
    0.04000960653046352,
    19.51980019818577,
    -0.5877852522924734,
    0.8090169943749472,
    0.0,
    3.0593237250053407,
    -0.03236845162139986,
    -0.02351705666863109,
    0.9991992951284931,
    1117.4585581212784,
    0.0,
    0.0,
    0.0,
    1.0
  ],
  "/cave_1/lmd_root_0/half_0/plane_1/module_4/sensor_2": [
    0.8083692105264194,
    0.5873146097775629,
    0.04000960653046352,
    17.84728430160661,
    -0.5877852522924734,
    0.8090169943749472,
    0.0,
    4.275451411998467,
    -0.03236845162139986,
    -0.02351705666863109,
    0.9991992951284931,
    1117.525528447683,
    0.0,
    0.0,
    0.0,
    1.0
  ],
  "/cave_1/lmd_root_0/half_0/plane_1/module_4/sensor_3": [
    0.5873146097775628,
    -0.8083692105264195,
    0.04000960653046352,
    17.697988700745753,
    0.8090169943749473,
    0.5877852522924732,
    0.0,
    1.6696026584168622,
    -0.023517056668631083,
    0.03236845162139986,
    0.9991992951284931,
    1117.5315064925799,
    0.0,
    0.0,
    0.0,
    1.0
  ],
  "/cave_1/lmd_root_0/half_0/plane_1/module_4/sensor_4": [
    0.9991992951284931,
    -4.899763657267719e-18,
    -0.04000960653046352,
    20.971997218636314,
    0.0,
    -1.0,
    1.2246467991473532e-16,
    1.1615000000000006,
    -0.04000960653046352,
    -1.2236662184894007e-16,
    -0.9991992951284931,
    1117.4254297638483,
    0.0,
    0.0,
    0.0,
    1.0
  ],
  "/cave_1/lmd_root_0/half_0/plane_1/module_4/sensor_5": [
    0.9991992951284931,
    -4.899763657267719e-18,
    -0.04000960653046352,
    18.904653877015463,
    0.0,
    -1.0,
    1.2246467991473532e-16,
    1.1615000000000009,
    -0.04000960653046352,
    -1.2236662184894007e-16,
    -0.9991992951284931,
    1117.5082096397598,
    0.0,
    0.0,
    0.0,
    1.0
  ],
  "/cave_1/lmd_root_0/half_0/plane_1/module_4/sensor_6": [
    0.9991992951284931,
    -4.899763657267719e-18,
    -0.04000960653046352,
    16.83731053539461,
    0.0,
    -1.0,
    1.2246467991473532e-16,
    1.161500000000001,
    -0.04000960653046352,
    -1.2236662184894007e-16,
    -0.9991992951284931,
    1117.5909895156713,
    0.0,
    0.0,
    0.0,
    1.0
  ],
  "/cave_1/lmd_root_0/half_0/plane_1/module_4/sensor_7": [
    -1.1592206611978336e-16,
    -0.9991992951284931,
    -0.04000960653046352,
    18.246980900961887,
    -1.0,
    1.1102230246251565e-16,
    1.2246467991473532e-16,
    3.357500000000001,
    -1.1542772794503285e-16,
    0.04000960653046352,
    -0.9991992951284931,
    1117.5345439627781,
    0.0,
    0.0,
    0.0,
    1.0
  ],
  "/cave_1/lmd_root_0/half_0/plane_2": [
    0.9991992951284931,
    0.0,
    0.04000960653046352,
    26.11230462827779,
    0.0,
    1.0,
    0.0,
    0.0,
    -0.04000960653046352,
    0.0,
    0.9991992951284931,
    1127.465307065608,
    0.0,
    0.0,
    0.0,
    1.0
  ],
  "/cave_1/lmd_root_0/half_0/plane_2/module_0": [
    0.9991992951284931,
    0.0,
    0.04000960653046352,
    32.89691148171794,
    0.0,
    1.0,
    0.0,
    2.209471509780874,
    -0.04000960653046352,
    0.0,
    0.9991992951284931,
    1126.9434397532386,
    0.0,
    0.0,
    0.0,
    1.0
  ],
  "/cave_1/lmd_root_0/half_0/plane_2/module_0/sensor_0": [
    -0.9991992951284931,
    -1.2236662184894007e-16,
    0.04000960653046352,
    30.8325111693494,
    1.2246467991473532e-16,
    -1.0,
    0.0,
    1.1615,
    0.04000960653046352,
    4.899763657267719e-18,
    0.9991992951284931,
    1127.0135917685182,
    0.0,
    0.0,
    0.0,
    1.0
  ],
  "/cave_1/lmd_root_0/half_0/plane_2/module_0/sensor_1": [
    -0.9991992951284931,
    -1.2236662184894007e-16,
    0.04000960653046352,
    32.89985451097025,
    1.2246467991473532e-16,
    -1.0,
    0.0,
    1.1615,
    0.04000960653046352,
    4.899763657267719e-18,
    0.9991992951284931,
    1126.9308118926067,
    0.0,
    0.0,
    0.0,
    1.0
  ],
  "/cave_1/lmd_root_0/half_0/plane_2/module_0/sensor_2": [
    -0.9991992951284931,
    -1.2236662184894007e-16,
    0.04000960653046352,
    34.9671978525911,
    1.2246467991473532e-16,
    -1.0,
    0.0,
    1.1615,
    0.04000960653046352,
    4.899763657267719e-18,
    0.9991992951284931,
    1126.8480320166952,
    0.0,
    0.0,
    0.0,
    1.0
  ],
  "/cave_1/lmd_root_0/half_0/plane_2/module_0/sensor_3": [
    6.118331092447004e-17,
    0.9991992951284931,
    0.04000960653046352,
    33.557527487023826,
    -1.0,
    6.123233995736766e-17,
    0.0,
    3.3575,
    -2.4498818286338596e-18,
    -0.04000960653046352,
    0.9991992951284931,
    1126.9044775695884,
    0.0,
    0.0,
    0.0,
    1.0
  ],
  "/cave_1/lmd_root_0/half_0/plane_2/module_0/sensor_4": [
    -0.8083692105264195,
    -0.5873146097775628,
    -0.040009606530463454,
    30.61219229322078,
    -0.5877852522924732,
    0.8090169943749473,
    -9.907600726170916e-17,
    1.843196038012213,
    0.03236845162139986,
    0.023517056668630965,
    -0.9991992951284931,
    1127.0474337374928,
    0.0,
    0.0,
    0.0,
    1.0
  ],
  "/cave_1/lmd_root_0/half_0/plane_2/module_0/sensor_5": [
    -0.8083692105264195,
    -0.5873146097775628,
    -0.040009606530463454,
    32.28470818979994,
    -0.5877852522924732,
    0.8090169943749473,
    -9.907600726170916e-17,
    3.0593237250053402,
    0.03236845162139986,
    0.023517056668630965,
    -0.9991992951284931,
    1126.980463411088,
    0.0,
    0.0,
    0.0,
    1.0
  ],
  "/cave_1/lmd_root_0/half_0/plane_2/module_0/sensor_6": [
    -0.8083692105264195,
    -0.5873146097775628,
    -0.040009606530463454,
    33.95722408637911,
    -0.5877852522924732,
    0.8090169943749473,
    -9.907600726170916e-17,
    4.275451411998466,
    0.03236845162139986,
    0.023517056668630965,
    -0.9991992951284931,
    1126.9134930846835,
    0.0,
    0.0,
    0.0,
    1.0
  ],
  "/cave_1/lmd_root_0/half_0/plane_2/module_0/sensor_7": [
    -0.5873146097775627,
    0.8083692105264196,
    -0.040009606530463454,
    34.10651968723996,
    0.8090169943749475,
    0.5877852522924731,
    -9.907600726170916e-17,
    1.6696026584168613,
    0.02351705666863096,
    -0.03236845162139987,
    -0.9991992951284931,
    1126.9075150397866,
    0.0,
    0.0,
    0.0,
    1.0
  ],
  "/cave_1/lmd_root_0/half_0/plane_2/module_1": [
    0.8083692105264196,
    -0.5873146097775627,
    0.04000960653046352,
    30.32160648981998,
    0.5877852522924731,
    0.8090169943749475,
    0.0,
    5.784471509780874,
    -0.03236845162139987,
    0.023517056668631083,
    0.9991992951284931,
    1127.5469599342093,
    0.0,
    0.0,
    0.0,
    1.0
  ],
  "/cave_1/lmd_root_0/half_0/plane_2/module_1/sensor_0": [
    -0.8083692105264197,
    0.5873146097775626,
    0.04000960653046352,
    29.266865017809472,
    -0.587785252292473,
    -0.8090169943749476,
    0.0,
    3.722542515945216,
    0.03236845162139987,
    -0.02351705666863108,
    0.9991992951284931,
    1127.57668352532,
    0.0,
    0.0,
    0.0,
    1.0
  ],
  "/cave_1/lmd_root_0/half_0/plane_2/module_1/sensor_1": [
    -0.8083692105264197,
    0.5873146097775626,
    0.04000960653046352,
    30.939380914388636,
    -0.587785252292473,
    -0.8090169943749476,
    0.0,
